# TELESCOPE = UH88
# INSTRUMENT = SNIFS
# OBJECT = 2026twd
# CHANNEL = B+R
# EXPNUM = 26_194_049_003
# MJD-OBS = 61234.593987
# DATE-OBS = 2026-07-13T14:15:21
# EXPTIME = 1800.0s
# AIRMASS = 1.07
# FLUXCAL_RMS_B = 0.063 mag
# FLUXCAL_RMS_R = 0.071 mag
# RA = 00:48:47.96
# DEC = 22:54:34.18
# wl fl err
# [A] [erg/s/cm2/A]
3400.480000 6.562811e-16 3.418141e-17
3403.480000 6.290983e-16 3.509293e-17
3406.480000 5.527407e-16 3.134685e-17
3409.480000 5.887103e-16 2.987117e-17
3412.480000 6.187008e-16 3.323654e-17
3415.480000 6.094780e-16 3.364091e-17
3418.480000 6.198347e-16 3.023781e-17
3421.480000 6.223168e-16 2.932173e-17
3424.480000 6.123182e-16 3.274480e-17
3427.480000 5.938039e-16 3.239138e-17
3430.480000 5.992545e-16 2.791629e-17
3433.480000 6.087466e-16 2.756999e-17
3436.480000 6.152195e-16 3.075571e-17
3439.480000 6.155779e-16 3.006628e-17
3442.480000 6.254237e-16 2.632994e-17
3445.480000 5.901814e-16 2.637625e-17
3448.480000 5.928843e-16 2.876858e-17
3451.480000 5.572786e-16 2.738674e-17
3454.480000 5.331580e-16 2.480778e-17
3457.480000 5.904537e-16 2.626786e-17
3460.480000 6.064466e-16 2.806968e-17
3463.480000 5.841500e-16 2.589392e-17
3466.480000 5.640565e-16 2.367957e-17
3469.480000 5.722211e-16 2.540895e-17
3472.480000 5.622730e-16 2.662497e-17
3475.480000 5.675520e-16 2.443938e-17
3478.480000 5.865276e-16 2.297087e-17
3481.480000 5.775319e-16 2.525483e-17
3484.480000 5.608337e-16 2.588242e-17
3487.480000 5.341353e-16 2.283746e-17
3490.480000 5.234695e-16 2.189401e-17
3493.480000 5.284684e-16 2.455347e-17
3496.480000 5.160464e-16 2.456780e-17
3499.480000 5.056694e-16 2.132534e-17
3502.480000 5.148471e-16 2.102989e-17
3505.480000 5.365664e-16 2.368083e-17
3508.480000 5.192851e-16 2.330019e-17
3511.480000 5.493912e-16 2.074708e-17
3514.480000 5.242975e-16 2.077693e-17
3517.480000 4.617865e-16 2.211929e-17
3520.480000 5.011206e-16 2.154234e-17
3523.480000 4.987967e-16 1.915599e-17
3526.480000 5.155681e-16 2.011705e-17
3529.480000 5.170439e-16 2.166309e-17
3532.480000 5.228692e-16 2.062530e-17
3535.480000 5.249919e-16 1.900605e-17
3538.480000 5.083314e-16 2.033540e-17
3541.480000 4.762290e-16 2.119172e-17
3544.480000 4.670738e-16 1.974840e-17
3547.480000 4.608913e-16 1.865675e-17
3550.480000 4.611131e-16 2.044070e-17
3553.480000 4.578322e-16 2.097714e-17
3556.480000 4.582210e-16 1.893685e-17
3559.480000 4.679398e-16 1.826980e-17
3562.480000 4.686642e-16 2.045089e-17
3565.480000 4.703154e-16 2.055163e-17
3568.480000 4.489447e-16 1.805359e-17
3571.480000 4.388632e-16 1.802015e-17
3574.480000 4.597202e-16 2.047037e-17
3577.480000 5.094737e-16 2.075358e-17
3580.480000 4.957472e-16 1.809636e-17
3583.480000 4.914101e-16 1.827331e-17
3586.480000 5.312867e-16 2.059941e-17
3589.480000 5.374289e-16 2.048032e-17
3592.480000 5.326419e-16 1.824427e-17
3595.480000 5.140429e-16 1.859971e-17
3598.480000 5.085672e-16 1.969233e-17
3601.480000 4.929122e-16 1.859550e-17
3604.480000 4.860456e-16 1.676555e-17
3607.480000 4.928061e-16 1.808640e-17
3610.480000 4.863492e-16 1.908369e-17
3613.480000 4.910518e-16 1.760776e-17
3616.480000 4.899452e-16 1.636154e-17
3619.480000 4.891254e-16 1.799704e-17
3622.480000 4.762217e-16 1.859639e-17
3625.480000 4.753140e-16 1.698655e-17
3628.480000 4.667482e-16 1.627292e-17
3631.480000 4.843741e-16 1.842973e-17
3634.480000 4.825858e-16 1.882755e-17
3637.480000 4.760251e-16 1.676622e-17
3640.480000 5.092280e-16 1.691246e-17
3643.480000 5.251590e-16 1.949740e-17
3646.480000 5.269518e-16 1.949155e-17
3649.480000 5.179361e-16 1.698559e-17
3652.480000 5.245020e-16 1.728952e-17
3655.480000 5.233085e-16 1.922391e-17
3658.480000 5.115053e-16 1.866164e-17
3661.480000 5.026419e-16 1.653048e-17
3664.480000 4.975243e-16 1.711756e-17
3667.480000 5.001217e-16 1.855120e-17
3670.480000 4.909983e-16 1.762588e-17
3673.480000 4.917131e-16 1.614245e-17
3676.480000 4.724991e-16 1.708912e-17
3679.480000 4.688745e-16 1.796172e-17
3682.480000 4.881692e-16 1.694656e-17
3685.480000 4.784849e-16 1.546465e-17
3688.480000 4.782608e-16 1.667018e-17
3691.480000 4.700188e-16 1.729072e-17
3694.480000 4.582134e-16 1.578877e-17
3697.480000 4.520524e-16 1.505333e-17
3700.480000 4.544459e-16 1.679353e-17
3703.480000 4.595871e-16 1.726802e-17
3706.480000 4.648812e-16 1.550403e-17
3709.480000 4.600361e-16 1.514044e-17
3712.480000 4.694595e-16 1.726708e-17
3715.480000 4.630828e-16 1.731662e-17
3718.480000 4.482809e-16 1.499481e-17
3721.480000 4.592382e-16 1.520579e-17
3724.480000 4.748289e-16 1.716180e-17
3727.480000 4.629102e-16 1.682074e-17
3730.480000 4.505663e-16 1.484896e-17
3733.480000 4.482822e-16 1.540481e-17
3736.480000 4.542640e-16 1.694109e-17
3739.480000 4.561359e-16 1.621616e-17
3742.480000 4.654892e-16 1.476632e-17
3745.480000 4.790304e-16 1.571798e-17
3748.480000 4.683821e-16 1.658333e-17
3751.480000 4.474770e-16 1.533340e-17
3754.480000 4.540593e-16 1.420892e-17
3757.480000 4.508609e-16 1.534965e-17
3760.480000 4.533090e-16 1.608857e-17
3763.480000 4.429778e-16 1.465747e-17
3766.480000 4.326123e-16 1.377827e-17
3769.480000 4.411153e-16 1.532644e-17
3772.480000 4.408237e-16 1.577239e-17
3775.480000 4.360377e-16 1.413029e-17
3778.480000 4.337043e-16 1.380800e-17
3781.480000 4.348712e-16 1.571031e-17
3784.480000 4.327440e-16 1.572983e-17
3787.480000 4.523371e-16 1.395118e-17
3790.480000 4.624069e-16 1.413364e-17
3793.480000 4.702202e-16 1.603082e-17
3796.480000 4.799801e-16 1.599266e-17
3799.480000 4.733042e-16 1.412024e-17
3802.480000 4.668248e-16 1.449384e-17
3805.480000 4.875158e-16 1.611276e-17
3808.480000 4.816453e-16 1.555077e-17
3811.480000 4.685546e-16 1.404010e-17
3814.480000 4.752342e-16 1.489599e-17
3817.480000 4.928745e-16 1.621567e-17
3820.480000 4.848200e-16 1.527612e-17
3823.480000 4.806595e-16 1.405215e-17
3826.480000 4.994892e-16 1.541931e-17
3829.480000 5.201160e-16 1.638299e-17
3832.480000 5.008746e-16 1.502468e-17
3835.480000 4.882819e-16 1.415904e-17
3838.480000 4.827480e-16 1.554630e-17
3841.480000 5.053661e-16 1.611866e-17
3844.480000 4.940359e-16 1.453225e-17
3847.480000 4.892407e-16 1.408201e-17
3850.480000 4.947949e-16 1.595970e-17
3853.480000 5.091386e-16 1.617732e-17
3856.480000 4.918200e-16 1.411420e-17
3859.480000 4.839960e-16 1.409933e-17
3862.480000 4.866514e-16 1.588972e-17
3865.480000 4.931424e-16 1.573600e-17
3868.480000 4.740423e-16 1.373123e-17
3871.480000 4.701323e-16 1.394989e-17
3874.480000 4.824950e-16 1.545284e-17
3877.480000 4.868408e-16 1.501845e-17
3880.480000 4.720001e-16 1.339773e-17
3883.480000 4.608054e-16 1.391641e-17
3886.480000 4.613156e-16 1.500524e-17
3889.480000 4.660300e-16 1.422342e-17
3892.480000 4.752973e-16 1.314329e-17
3895.480000 4.922519e-16 1.429068e-17
3898.480000 4.883473e-16 1.504501e-17
3901.480000 4.917475e-16 1.393684e-17
3904.480000 4.837044e-16 1.325731e-17
3907.480000 4.603960e-16 1.476124e-17
3910.480000 4.546430e-16 1.489094e-17
3913.480000 4.613992e-16 1.353949e-17
3916.480000 4.573996e-16 1.295449e-17
3919.480000 4.620279e-16 1.454978e-17
3922.480000 4.724363e-16 1.466305e-17
3925.480000 4.846092e-16 1.307195e-17
3928.480000 5.010074e-16 1.310958e-17
3931.480000 5.404983e-16 1.523231e-17
3934.480000 5.565257e-16 1.521867e-17
3937.480000 5.058231e-16 1.297545e-17
3940.480000 4.512780e-16 1.276289e-17
3943.480000 4.265162e-16 1.407002e-17
3946.480000 4.328293e-16 1.385493e-17
3949.480000 4.460624e-16 1.251097e-17
3952.480000 4.395147e-16 1.314564e-17
3955.480000 4.244099e-16 1.421959e-17
3958.480000 4.420185e-16 1.374720e-17
3961.480000 4.739907e-16 1.278689e-17
3964.480000 4.806838e-16 1.376747e-17
3967.480000 4.702642e-16 1.450159e-17
3970.480000 4.526549e-16 1.342711e-17
3973.480000 4.556809e-16 1.259133e-17
3976.480000 4.458759e-16 1.362090e-17
3979.480000 4.243316e-16 1.400891e-17
3982.480000 4.123357e-16 1.276632e-17
3985.480000 4.135181e-16 1.223833e-17
3988.480000 4.186645e-16 1.375649e-17
3991.480000 4.531547e-16 1.419498e-17
3994.480000 4.461333e-16 1.258809e-17
3997.480000 4.345181e-16 1.231411e-17
4000.480000 4.573660e-16 1.417515e-17
4003.480000 4.491467e-16 1.402112e-17
4006.480000 4.371089e-16 1.213415e-17
4009.480000 4.468106e-16 1.256633e-17
4012.480000 4.720934e-16 1.436869e-17
4015.480000 4.875151e-16 1.417502e-17
4018.480000 5.178824e-16 1.279313e-17
4021.480000 5.362609e-16 1.339477e-17
4024.480000 5.372958e-16 1.459448e-17
4027.480000 5.201593e-16 1.386324e-17
4030.480000 5.281893e-16 1.272531e-17
4033.480000 5.223843e-16 1.353622e-17
4036.480000 5.172639e-16 1.445829e-17
4039.480000 4.992217e-16 1.342267e-17
4042.480000 4.621631e-16 1.229060e-17
4045.480000 4.240051e-16 1.311735e-17
4048.480000 3.987150e-16 1.350487e-17
4051.480000 4.282804e-16 1.260819e-17
4054.480000 4.702941e-16 1.237146e-17
4057.480000 4.987034e-16 1.403244e-17
4060.480000 4.882873e-16 1.422647e-17
4063.480000 5.215492e-16 1.300466e-17
4066.480000 5.392563e-16 1.297307e-17
4069.480000 5.396435e-16 1.489813e-17
4072.480000 5.432943e-16 1.504009e-17
4075.480000 5.818812e-16 1.355226e-17
4078.480000 6.005075e-16 1.407197e-17
4081.480000 6.161932e-16 1.603865e-17
4084.480000 6.064937e-16 1.585641e-17
4087.480000 5.832253e-16 1.407214e-17
4090.480000 5.457927e-16 1.429450e-17
4093.480000 5.101037e-16 1.521441e-17
4096.480000 4.827029e-16 1.426336e-17
4099.480000 4.679918e-16 1.262585e-17
4102.480000 4.402683e-16 1.287037e-17
4105.480000 4.652669e-16 1.370947e-17
4108.480000 4.732591e-16 1.283026e-17
4111.480000 4.878778e-16 1.200200e-17
4114.480000 4.877420e-16 1.300162e-17
4117.480000 5.022658e-16 1.367935e-17
4120.480000 5.183273e-16 1.266223e-17
4123.480000 5.069296e-16 1.200113e-17
4126.480000 5.165419e-16 1.337839e-17
4129.480000 5.505290e-16 1.389369e-17
4132.480000 5.407314e-16 1.246798e-17
4135.480000 5.125883e-16 1.197257e-17
4138.480000 5.030424e-16 1.353043e-17
4141.480000 4.881470e-16 1.352507e-17
4144.480000 4.472888e-16 1.154925e-17
4147.480000 4.118973e-16 1.124318e-17
4150.480000 3.741726e-16 1.227543e-17
4153.480000 3.883574e-16 1.217945e-17
4156.480000 4.211005e-16 1.112108e-17
4159.480000 4.470241e-16 1.173221e-17
4162.480000 4.702949e-16 1.318210e-17
4165.480000 5.058617e-16 1.301130e-17
4168.480000 5.464558e-16 1.212639e-17
4171.480000 5.534501e-16 1.294724e-17
4174.480000 5.362328e-16 1.394971e-17
4177.480000 5.077416e-16 1.308442e-17
4180.480000 4.746875e-16 1.201830e-17
4183.480000 4.443474e-16 1.265266e-17
4186.480000 4.583530e-16 1.349395e-17
4189.480000 4.172615e-16 1.226624e-17
4192.480000 4.472357e-16 1.204147e-17
4195.480000 5.258352e-16 1.380353e-17
4198.480000 5.453990e-16 1.432124e-17
4201.480000 5.816425e-16 1.316034e-17
4204.480000 5.877510e-16 1.275804e-17
4207.480000 5.951101e-16 1.448369e-17
4210.480000 5.938179e-16 1.454737e-17
4213.480000 5.980271e-16 1.278459e-17
4216.480000 5.771392e-16 1.250497e-17
4219.480000 5.662836e-16 1.399733e-17
4222.480000 5.798276e-16 1.385635e-17
4225.480000 5.881291e-16 1.224117e-17
4228.480000 5.872504e-16 1.249647e-17
4231.480000 5.759283e-16 1.373202e-17
4234.480000 5.776804e-16 1.331256e-17
4237.480000 5.848849e-16 1.202428e-17
4240.480000 5.969082e-16 1.272594e-17
4243.480000 5.903031e-16 1.369995e-17
4246.480000 5.662949e-16 1.283773e-17
4249.480000 5.572321e-16 1.174907e-17
4252.480000 5.564715e-16 1.262208e-17
4255.480000 5.384938e-16 1.320189e-17
4258.480000 5.504827e-16 1.232138e-17
4261.480000 5.857757e-16 1.186730e-17
4264.480000 5.935009e-16 1.309157e-17
4267.480000 5.785440e-16 1.344992e-17
4270.480000 5.572474e-16 1.215315e-17
4273.480000 5.478073e-16 1.191682e-17
4276.480000 5.782782e-16 1.338971e-17
4279.480000 5.626098e-16 1.341188e-17
4282.480000 5.427053e-16 1.175087e-17
4285.480000 5.300983e-16 1.158987e-17
4288.480000 5.375712e-16 1.326294e-17
4291.480000 5.571390e-16 1.327033e-17
4294.480000 5.552991e-16 1.164741e-17
4297.480000 5.632954e-16 1.192798e-17
4300.480000 5.819862e-16 1.333186e-17
4303.480000 5.603048e-16 1.282689e-17
4306.480000 5.493060e-16 1.142951e-17
4309.480000 5.544945e-16 1.203872e-17
4312.480000 5.591760e-16 1.326015e-17
4315.480000 5.605058e-16 1.270738e-17
4318.480000 5.634768e-16 1.161721e-17
4321.480000 5.152595e-16 1.201005e-17
4324.480000 4.947846e-16 1.259162e-17
4327.480000 4.739710e-16 1.153871e-17
4330.480000 4.918035e-16 1.093552e-17
4333.480000 5.158045e-16 1.222422e-17
4336.480000 5.124889e-16 1.268684e-17
4339.480000 5.660474e-16 1.192781e-17
4342.480000 5.764658e-16 1.155786e-17
4345.480000 5.645763e-16 1.287375e-17
4348.480000 5.686800e-16 1.317912e-17
4351.480000 5.552947e-16 1.168700e-17
4354.480000 5.547111e-16 1.152911e-17
4357.480000 5.488886e-16 1.307193e-17
4360.480000 5.479633e-16 1.304315e-17
4363.480000 5.503941e-16 1.144809e-17
4366.480000 5.706197e-16 1.176205e-17
4369.480000 5.315729e-16 1.283741e-17
4372.480000 5.005308e-16 1.231691e-17
4375.480000 5.121147e-16 1.109952e-17
4378.480000 5.245904e-16 1.163580e-17
4381.480000 5.253597e-16 1.266862e-17
4384.480000 5.284134e-16 1.214374e-17
4387.480000 5.239575e-16 1.105208e-17
4390.480000 5.320487e-16 1.191442e-17
4393.480000 5.360500e-16 1.273176e-17
4396.480000 5.434247e-16 1.202683e-17
4399.480000 5.214457e-16 1.107079e-17
4402.480000 5.017838e-16 1.193663e-17
4405.480000 4.822193e-16 1.230676e-17
4408.480000 4.850046e-16 1.133529e-17
4411.480000 4.985741e-16 1.097720e-17
4414.480000 5.133453e-16 1.237347e-17
4417.480000 5.074639e-16 1.256845e-17
4420.480000 5.202565e-16 1.138417e-17
4423.480000 5.209084e-16 1.121339e-17
4426.480000 5.223128e-16 1.278219e-17
4429.480000 5.057710e-16 1.262647e-17
4432.480000 5.108134e-16 1.112251e-17
4435.480000 5.245023e-16 1.144338e-17
4438.480000 5.313700e-16 1.302351e-17
4441.480000 5.414422e-16 1.287629e-17
4444.480000 5.571441e-16 1.145221e-17
4447.480000 5.412550e-16 1.172607e-17
4450.480000 5.097938e-16 1.288806e-17
4453.480000 5.187633e-16 1.248259e-17
4456.480000 5.159124e-16 1.132477e-17
4459.480000 5.118726e-16 1.163070e-17
4462.480000 5.112978e-16 1.238477e-17
4465.480000 5.301953e-16 1.176807e-17
4468.480000 5.391352e-16 1.099366e-17
4471.480000 5.354531e-16 1.197886e-17
4474.480000 5.329877e-16 1.256333e-17
4477.480000 5.414234e-16 1.161013e-17
4480.480000 5.433310e-16 1.107666e-17
4483.480000 5.360546e-16 1.230976e-17
4486.480000 5.388043e-16 1.263174e-17
4489.480000 5.504179e-16 1.149196e-17
4492.480000 5.572214e-16 1.147669e-17
4495.480000 5.519220e-16 1.297312e-17
4498.480000 5.497290e-16 1.297483e-17
4501.480000 5.552261e-16 1.130419e-17
4504.480000 5.377966e-16 1.125291e-17
4507.480000 5.152045e-16 1.271242e-17
4510.480000 5.075770e-16 1.254178e-17
4513.480000 5.320956e-16 1.131059e-17
4516.480000 5.413065e-16 1.152491e-17
4519.480000 5.299407e-16 1.251241e-17
4522.480000 5.226607e-16 1.198825e-17
4525.480000 5.114625e-16 1.077124e-17
4528.480000 5.131682e-16 1.145876e-17
4531.480000 5.176108e-16 1.233477e-17
4534.480000 5.046200e-16 1.161315e-17
4537.480000 4.967969e-16 1.064912e-17
4540.480000 4.891456e-16 1.147857e-17
4543.480000 4.910627e-16 1.210295e-17
4546.480000 5.018738e-16 1.130990e-17
4549.480000 5.086640e-16 1.076948e-17
4552.480000 5.335968e-16 1.215713e-17
4555.480000 5.658945e-16 1.271551e-17
4558.480000 5.701059e-16 1.151352e-17
4561.480000 5.606068e-16 1.113649e-17
4564.480000 5.458769e-16 1.249328e-17
4567.480000 5.534701e-16 1.266016e-17
4570.480000 5.453652e-16 1.116222e-17
4573.480000 5.216872e-16 1.098538e-17
4576.480000 5.115369e-16 1.244067e-17
4579.480000 4.953498e-16 1.220312e-17
4582.480000 4.850431e-16 1.073858e-17
4585.480000 5.328953e-16 1.130791e-17
4588.480000 5.531588e-16 1.254109e-17
4591.480000 5.563907e-16 1.221391e-17
4594.480000 5.577840e-16 1.099822e-17
4597.480000 5.720004e-16 1.169905e-17
4600.480000 5.850872e-16 1.272019e-17
4603.480000 6.104866e-16 1.226332e-17
4606.480000 6.172658e-16 1.133094e-17
4609.480000 5.986621e-16 1.207244e-17
4612.480000 5.671269e-16 1.256449e-17
4615.480000 5.529024e-16 1.156410e-17
4618.480000 5.660992e-16 1.109904e-17
4621.480000 5.678192e-16 1.239817e-17
4624.480000 5.355978e-16 1.251686e-17
4627.480000 5.203445e-16 1.115961e-17
4630.480000 5.222970e-16 1.099389e-17
4633.480000 5.198231e-16 1.272227e-17
4636.480000 5.368140e-16 1.328394e-17
4639.480000 5.206893e-16 1.115886e-17
4642.480000 5.260377e-16 1.095992e-17
4645.480000 5.235271e-16 1.228083e-17
4648.480000 5.292160e-16 1.226865e-17
4651.480000 5.197032e-16 1.073560e-17
4654.480000 5.260798e-16 1.101369e-17
4657.480000 5.441026e-16 1.240484e-17
4660.480000 5.377156e-16 1.196441e-17
4663.480000 5.396292e-16 1.081451e-17
4666.480000 5.454170e-16 1.161099e-17
4669.480000 5.750460e-16 1.277792e-17
4672.480000 5.568451e-16 1.197803e-17
4675.480000 5.466990e-16 1.085056e-17
4678.480000 5.258532e-16 1.179807e-17
4681.480000 5.445759e-16 1.237655e-17
4684.480000 5.652103e-16 1.162247e-17
4687.480000 5.559541e-16 1.085934e-17
4690.480000 5.370490e-16 1.177054e-17
4693.480000 5.516518e-16 1.234574e-17
4696.480000 5.484958e-16 1.123289e-17
4699.480000 5.256037e-16 1.064724e-17
4702.480000 5.247395e-16 1.193706e-17
4705.480000 5.237851e-16 1.217229e-17
4708.480000 5.205829e-16 1.082876e-17
4711.480000 5.462209e-16 1.091914e-17
4714.480000 5.563163e-16 1.248559e-17
4717.480000 5.676910e-16 1.256548e-17
4720.480000 5.784643e-16 1.109909e-17
4723.480000 5.696470e-16 1.121664e-17
4726.480000 5.733229e-16 1.252840e-17
4729.480000 5.602866e-16 1.219962e-17
4732.480000 5.556638e-16 1.093190e-17
4735.480000 5.601588e-16 1.148971e-17
4738.480000 5.524675e-16 1.252469e-17
4741.480000 5.710692e-16 1.204736e-17
4744.480000 5.756676e-16 1.099837e-17
4747.480000 5.707622e-16 1.191906e-17
4750.480000 5.908131e-16 1.286863e-17
4753.480000 5.872922e-16 1.215992e-17
4756.480000 5.953422e-16 1.125549e-17
4759.480000 6.013485e-16 1.231353e-17
4762.480000 5.821089e-16 1.269401e-17
4765.480000 5.712464e-16 1.161592e-17
4768.480000 5.777490e-16 1.104416e-17
4771.480000 5.651425e-16 1.220560e-17
4774.480000 5.609522e-16 1.248036e-17
4777.480000 5.431357e-16 1.108565e-17
4780.480000 5.321143e-16 1.101896e-17
4783.480000 5.130939e-16 1.245074e-17
4786.480000 5.347173e-16 1.236911e-17
4789.480000 5.554148e-16 1.097182e-17
4792.480000 5.668420e-16 1.119605e-17
4795.480000 5.653874e-16 1.252644e-17
4798.480000 5.544025e-16 1.224603e-17
4801.480000 5.532052e-16 1.091398e-17
4804.480000 5.610155e-16 1.138349e-17
4807.480000 5.681578e-16 1.253175e-17
4810.480000 5.830531e-16 1.216949e-17
4813.480000 5.830871e-16 1.105712e-17
4816.480000 5.900584e-16 1.202325e-17
4819.480000 5.940323e-16 1.304211e-17
4822.480000 5.904504e-16 1.228405e-17
4825.480000 5.804103e-16 1.122213e-17
4828.480000 5.897411e-16 1.221576e-17
4831.480000 5.875545e-16 1.283279e-17
4834.480000 5.613762e-16 1.169843e-17
4837.480000 5.611710e-16 1.131965e-17
4840.480000 5.818746e-16 1.276981e-17
4843.480000 5.858115e-16 1.315716e-17
4846.480000 5.932759e-16 1.166117e-17
4849.480000 5.926943e-16 1.139490e-17
4852.480000 5.937870e-16 1.297763e-17
4855.480000 5.884125e-16 1.304214e-17
4858.480000 5.865363e-16 1.148437e-17
4861.480000 5.991167e-16 1.167036e-17
4864.480000 5.998149e-16 1.316094e-17
4867.480000 6.207557e-16 1.312680e-17
4870.480000 6.203090e-16 1.165261e-17
4873.480000 6.170792e-16 1.200771e-17
4876.480000 6.043386e-16 1.313858e-17
4879.480000 6.071523e-16 1.274135e-17
4882.480000 6.214912e-16 1.169256e-17
4885.480000 6.190681e-16 1.237918e-17
4888.480000 6.103081e-16 1.329681e-17
4891.480000 6.000529e-16 1.251040e-17
4894.480000 6.142586e-16 1.168936e-17
4897.480000 6.254819e-16 1.280942e-17
4900.480000 6.258683e-16 1.351171e-17
4903.480000 6.310097e-16 1.253408e-17
4906.480000 6.293575e-16 1.192123e-17
4909.480000 6.364968e-16 1.332971e-17
4912.480000 6.325382e-16 1.376388e-17
4915.480000 6.533414e-16 1.260250e-17
4918.480000 6.497420e-16 1.225740e-17
4921.480000 6.168213e-16 1.364428e-17
4924.480000 6.028863e-16 1.377316e-17
4927.480000 6.037062e-16 1.223305e-17
4930.480000 6.079913e-16 1.230911e-17
4933.480000 6.137586e-16 1.402172e-17
4936.480000 6.245479e-16 1.400939e-17
4939.480000 6.262100e-16 1.239593e-17
4942.480000 6.281738e-16 1.280076e-17
4945.480000 6.182826e-16 1.413841e-17
4948.480000 6.132949e-16 1.368274e-17
4951.480000 6.087466e-16 1.241598e-17
4954.480000 6.061422e-16 1.314649e-17
4957.480000 5.659561e-16 1.391144e-17
4960.480000 5.372519e-16 1.310724e-17
4963.480000 5.406925e-16 1.219804e-17
4966.480000 5.654412e-16 1.335342e-17
4969.480000 5.672484e-16 1.419135e-17
4972.480000 5.428110e-16 1.305823e-17
4975.480000 5.327587e-16 1.234227e-17
4978.480000 5.360300e-16 1.378017e-17
4981.480000 5.791343e-16 1.468137e-17
4984.480000 5.577165e-16 1.317917e-17
4987.480000 5.366451e-16 1.270700e-17
4990.480000 5.028946e-16 1.415987e-17
4993.480000 5.431435e-16 1.470178e-17
4996.480000 5.303063e-16 1.303777e-17
4999.480000 5.063261e-16 1.297689e-17
5002.480000 4.991463e-16 1.475215e-17
5005.480000 4.976737e-16 1.469776e-17
5008.480000 5.159775e-16 1.317422e-17
5011.480000 4.923697e-16 1.348931e-17
5014.480000 4.509613e-16 1.480261e-17
5017.480000 4.801602e-16 1.466891e-17
5020.480000 4.731768e-16 1.323462e-17
5023.480000 4.718473e-16 1.404778e-17
5026.480000 4.453883e-16 1.525241e-17
5029.480000 4.443443e-16 1.472814e-17
5032.480000 4.645308e-16 1.606923e-17
5035.480000 5.101287e-16 1.770871e-17
5038.480000 5.094781e-16 1.747283e-17
5041.480000 4.947464e-16 1.544890e-17
5044.480000 5.010912e-16 1.485510e-17
5047.480000 5.087122e-16 1.664490e-17
5050.480000 5.407659e-16 1.774333e-17
5053.480000 5.235873e-16 1.617413e-17
5056.480000 5.288396e-16 1.577834e-17
5059.480000 5.566422e-16 1.821793e-17
5062.480000 5.671380e-16 1.870227e-17
5065.480000 5.801440e-16 1.697403e-17
5068.480000 5.753846e-16 1.684620e-17
5071.480000 5.931685e-16 nan
5074.480000 6.033812e-16 nan
5077.480000 6.077271e-16 nan
5080.480000 6.420634e-16 nan
5083.480000 6.808463e-16 nan
5086.480000 7.160375e-16 nan
5089.480000 7.133399e-16 nan
5092.480000 7.150566e-16 nan
5095.480000 7.365288e-16 nan
5098.480000 7.558463e-16 nan
5101.480000 7.698920e-16 nan
5104.480000 8.073378e-16 nan
5107.480000 8.091564e-16 nan
5110.480000 8.053622e-16 nan
5113.480000 8.233474e-16 nan
5116.480000 8.158117e-16 nan
5119.480000 7.907617e-16 nan
5122.480000 7.165383e-16 nan
5125.480000 7.201763e-16 nan
5128.480000 7.282226e-16 nan
5131.480000 7.419419e-16 nan
5134.480000 7.248629e-16 nan
5137.480000 6.897053e-16 nan
5140.480000 7.080544e-16 nan
5143.480000 7.249332e-16 nan
5146.480000 7.544953e-16 nan
5149.480000 8.021862e-16 nan
5152.480000 8.350070e-16 nan
5155.480000 8.576868e-16 nan
5158.480000 8.691876e-16 nan
5161.480000 8.521400e-16 nan
5164.480000 8.582317e-16 nan
5167.480000 8.778900e-16 nan
5170.480000 8.545610e-16 2.669425e-17
5173.480000 8.277837e-16 2.601791e-17
5176.480000 8.189854e-16 2.542781e-17
5179.480000 7.881524e-16 2.506225e-17
5182.480000 7.505152e-16 2.437132e-17
5185.480000 6.992122e-16 2.354349e-17
5188.480000 6.892602e-16 2.331180e-17
5191.480000 6.867395e-16 2.331583e-17
5194.480000 6.699262e-16 2.314801e-17
5197.480000 6.656696e-16 2.298338e-17
5200.480000 6.432780e-16 2.279169e-17
5203.480000 6.451813e-16 2.309452e-17
5206.480000 6.371592e-16 2.320246e-17
5209.480000 5.923620e-16 2.306070e-17
5212.480000 5.839266e-16 2.301990e-17
5215.480000 6.014659e-16 2.273116e-17
5218.480000 5.961096e-16 2.206728e-17
5221.480000 6.238140e-16 2.181927e-17
5224.480000 6.247763e-16 2.134271e-17
5227.480000 6.266159e-16 2.075526e-17
5230.480000 6.435445e-16 2.041006e-17
5233.480000 6.379776e-16 1.996729e-17
5236.480000 6.076304e-16 1.934047e-17
5239.480000 5.901577e-16 1.870079e-17
5242.480000 6.173054e-16 1.848723e-17
5245.480000 6.192943e-16 1.816540e-17
5248.480000 6.100197e-16 1.770284e-17
5251.480000 5.878819e-16 1.725930e-17
5254.480000 5.858150e-16 1.687223e-17
5257.480000 5.870246e-16 1.660466e-17
5260.480000 5.673790e-16 1.619013e-17
5263.480000 5.700370e-16 1.593165e-17
5266.480000 5.998337e-16 1.592023e-17
5269.480000 6.348322e-16 1.611621e-17
5272.480000 6.728600e-16 1.625886e-17
5275.480000 6.985939e-16 1.621124e-17
5278.480000 7.168093e-16 1.623722e-17
5281.480000 7.147744e-16 1.617047e-17
5284.480000 6.671045e-16 1.573417e-17
5287.480000 6.197732e-16 1.531737e-17
5290.480000 5.933087e-16 1.515462e-17
5293.480000 6.036504e-16 1.533186e-17
5296.480000 6.171220e-16 1.550808e-17
5299.480000 5.984913e-16 1.544822e-17
5302.480000 5.906852e-16 1.546836e-17
5305.480000 5.938156e-16 1.566462e-17
5308.480000 6.074529e-16 1.587176e-17
5311.480000 6.067582e-16 1.603906e-17
5314.480000 5.818319e-16 1.613194e-17
5317.480000 5.672856e-16 2.103503e-17
5320.480000 5.683015e-16 1.682592e-17
5323.480000 5.764785e-16 1.715533e-17
5326.480000 6.145414e-16 1.761409e-17
5329.480000 6.203436e-16 1.754224e-17
5332.480000 6.220006e-16 1.778239e-17
5335.480000 6.177634e-16 1.811560e-17
5338.480000 6.057770e-16 1.838488e-17
5341.480000 5.873292e-16 1.767445e-17
5344.480000 5.678685e-16 1.697659e-17
5347.480000 5.554372e-16 1.641135e-17
5350.480000 5.605029e-16 1.592406e-17
5353.480000 5.621480e-16 1.547378e-17
5356.480000 5.513144e-16 1.495689e-17
5359.480000 5.614010e-16 1.466553e-17
5362.480000 5.800016e-16 1.443826e-17
5365.480000 5.900971e-16 1.381133e-17
5368.480000 5.687051e-16 1.330522e-17
5371.480000 5.744800e-16 1.304357e-17
5374.480000 5.545662e-16 1.264149e-17
5377.480000 5.369046e-16 1.220967e-17
5380.480000 5.497989e-16 1.205011e-17
5383.480000 5.589657e-16 1.193029e-17
5386.480000 5.497351e-16 1.163499e-17
5389.480000 5.582799e-16 1.151031e-17
5392.480000 5.688354e-16 1.147395e-17
5395.480000 5.680997e-16 1.137928e-17
5398.480000 5.712445e-16 1.130835e-17
5401.480000 5.670239e-16 1.119935e-17
5404.480000 5.538477e-16 1.105894e-17
5407.480000 5.443152e-16 1.097849e-17
5410.480000 5.480907e-16 1.102774e-17
5413.480000 5.639465e-16 1.117911e-17
5416.480000 5.637717e-16 1.122005e-17
5419.480000 5.476063e-16 1.118463e-17
5422.480000 5.416531e-16 1.125816e-17
5425.480000 5.355922e-16 1.131349e-17
5428.480000 5.238665e-16 1.139867e-17
5431.480000 5.329079e-16 1.162026e-17
5434.480000 5.411155e-16 1.183151e-17
5437.480000 5.493382e-16 1.208636e-17
5440.480000 5.403371e-16 1.214900e-17
5443.480000 5.174957e-16 1.219486e-17
5446.480000 5.044710e-16 1.227563e-17
5449.480000 4.967064e-16 1.240655e-17
5452.480000 4.976622e-16 1.267500e-17
5455.480000 5.137253e-16 1.305916e-17
5458.480000 5.152583e-16 1.331425e-17
5461.480000 5.090425e-16 1.358010e-17
5464.480000 4.992506e-16 1.352173e-17
5467.480000 4.885612e-16 1.305340e-17
5470.480000 4.966851e-16 1.276163e-17
5473.480000 5.291676e-16 1.267507e-17
5476.480000 5.472843e-16 1.251862e-17
5479.480000 5.384258e-16 1.214913e-17
5482.480000 5.443782e-16 1.190828e-17
5485.480000 5.371584e-16 1.155042e-17
5488.480000 5.314409e-16 1.122565e-17
5491.480000 5.220322e-16 1.089717e-17
5494.480000 5.177878e-16 1.063993e-17
5497.480000 5.258260e-16 1.048199e-17
5500.480000 5.292573e-16 1.027728e-17
5503.480000 5.333907e-16 1.011076e-17
5506.480000 5.369821e-16 9.980261e-18
5509.480000 5.317656e-16 9.785842e-18
5512.480000 5.315971e-16 9.646569e-18
5515.480000 5.323050e-16 9.577763e-18
5518.480000 5.198585e-16 9.420832e-18
5521.480000 5.201300e-16 9.354052e-18
5524.480000 5.361594e-16 9.397421e-18
5527.480000 5.495120e-16 9.446826e-18
5530.480000 5.489265e-16 9.436935e-18
5533.480000 5.481099e-16 9.448167e-18
5536.480000 5.457100e-16 9.475119e-18
5539.480000 5.433163e-16 9.537784e-18
5542.480000 5.434960e-16 9.635782e-18
5545.480000 5.333330e-16 9.792504e-18
5548.480000 5.145434e-16 9.840401e-18
5551.480000 5.094161e-16 9.978873e-18
5554.480000 5.115637e-16 1.000508e-17
5557.480000 5.031708e-16 1.009830e-17
5560.480000 5.032231e-16 1.033125e-17
5563.480000 5.266756e-16 1.074246e-17
5566.480000 5.522805e-16 1.108339e-17
5569.480000 5.501501e-16 1.178798e-17
5572.480000 5.590265e-16 1.349857e-17
5575.480000 5.644231e-16 1.579662e-17
5578.480000 5.780617e-16 1.698836e-17
5581.480000 5.717412e-16 1.598011e-17
5584.480000 5.496786e-16 1.397776e-17
5587.480000 5.448445e-16 1.289069e-17
5590.480000 5.428811e-16 1.244084e-17
5593.480000 5.505779e-16 1.208678e-17
5596.480000 5.598274e-16 1.185444e-17
5599.480000 5.553739e-16 1.149269e-17
5602.480000 5.531536e-16 1.114978e-17
5605.480000 5.540401e-16 1.089841e-17
5608.480000 5.490159e-16 1.060620e-17
5611.480000 5.412637e-16 1.026961e-17
5614.480000 5.294138e-16 9.957835e-18
5617.480000 5.218966e-16 9.668607e-18
5620.480000 5.383605e-16 9.582392e-18
5623.480000 5.466683e-16 9.468503e-18
5626.480000 5.425040e-16 9.244587e-18
5629.480000 5.341892e-16 9.028490e-18
5632.480000 5.366123e-16 8.875587e-18
5635.480000 5.477279e-16 8.808847e-18
5638.480000 5.530687e-16 8.749892e-18
5641.480000 5.510808e-16 8.661827e-18
5644.480000 5.529799e-16 8.583387e-18
5647.480000 5.603391e-16 8.561668e-18
5650.480000 5.606808e-16 8.517665e-18
5653.480000 5.547259e-16 8.456014e-18
5656.480000 5.418818e-16 8.390847e-18
5659.480000 5.310147e-16 8.340024e-18
5662.480000 5.269131e-16 8.332453e-18
5665.480000 5.311431e-16 8.439658e-18
5668.480000 5.416558e-16 8.575141e-18
5671.480000 5.390877e-16 8.615156e-18
5674.480000 5.330231e-16 8.673363e-18
5677.480000 5.396215e-16 8.837458e-18
5680.480000 5.422503e-16 8.969409e-18
5683.480000 5.453508e-16 9.139088e-18
5686.480000 5.357601e-16 9.209161e-18
5689.480000 5.223668e-16 9.275132e-18
5692.480000 5.117270e-16 9.376863e-18
5695.480000 5.126936e-16 9.546864e-18
5698.480000 5.193021e-16 9.761930e-18
5701.480000 5.169701e-16 9.950152e-18
5704.480000 5.211529e-16 1.018875e-17
5707.480000 5.259886e-16 1.043164e-17
5710.480000 5.458297e-16 1.076862e-17
5713.480000 5.368679e-16 1.111432e-17
5716.480000 5.457985e-16 1.114455e-17
5719.480000 5.569205e-16 1.074343e-17
5722.480000 5.342870e-16 1.031121e-17
5725.480000 5.220010e-16 9.963392e-18
5728.480000 5.295593e-16 9.749111e-18
5731.480000 5.297919e-16 9.487464e-18
5734.480000 5.307897e-16 9.266284e-18
5737.480000 5.409639e-16 9.103738e-18
5740.480000 5.373911e-16 8.905648e-18
5743.480000 5.206731e-16 8.803701e-18
5746.480000 5.154440e-16 8.616904e-18
5749.480000 5.168398e-16 8.427702e-18
5752.480000 5.234141e-16 8.298370e-18
5755.480000 5.240578e-16 8.169028e-18
5758.480000 5.221308e-16 8.001251e-18
5761.480000 5.194179e-16 7.735010e-18
5764.480000 5.240161e-16 7.674583e-18
5767.480000 5.256923e-16 7.608877e-18
5770.480000 5.188928e-16 7.508553e-18
5773.480000 5.042207e-16 7.367583e-18
5776.480000 5.043669e-16 7.328400e-18
5779.480000 5.161647e-16 7.382637e-18
5782.480000 5.165403e-16 7.400866e-18
5785.480000 5.116802e-16 7.398572e-18
5788.480000 5.104405e-16 7.435990e-18
5791.480000 5.098705e-16 7.492687e-18
5794.480000 5.042062e-16 7.530456e-18
5797.480000 5.017838e-16 7.589289e-18
5800.480000 5.024974e-16 7.704036e-18
5803.480000 5.007627e-16 7.909157e-18
5806.480000 5.064601e-16 8.112654e-18
5809.480000 5.125964e-16 8.279149e-18
5812.480000 5.126682e-16 8.312402e-18
5815.480000 5.069433e-16 8.585718e-18
5818.480000 5.229314e-16 8.810134e-18
5821.480000 5.322095e-16 9.009613e-18
5824.480000 5.298150e-16 9.180329e-18
5827.480000 5.124097e-16 9.384869e-18
5830.480000 5.191260e-16 1.008733e-17
5833.480000 5.325813e-16 9.792753e-18
5836.480000 5.239573e-16 9.946506e-18
5839.480000 5.276058e-16 9.985469e-18
5842.480000 5.331607e-16 9.944327e-18
5845.480000 5.150082e-16 9.561417e-18
5848.480000 5.195952e-16 9.389286e-18
5851.480000 5.329112e-16 9.243857e-18
5854.480000 5.343896e-16 9.042038e-18
5857.480000 5.291586e-16 8.780446e-18
5860.480000 5.197298e-16 8.538559e-18
5863.480000 5.157819e-16 8.359197e-18
5866.480000 5.157360e-16 8.209034e-18
5869.480000 5.148378e-16 8.059728e-18
5872.480000 5.104079e-16 7.850194e-18
5875.480000 5.072526e-16 7.640165e-18
5878.480000 5.174105e-16 7.582270e-18
5881.480000 5.184333e-16 7.498357e-18
5884.480000 5.146591e-16 7.430039e-18
5887.480000 5.112164e-16 7.466014e-18
5890.480000 4.967700e-16 7.450961e-18
5893.480000 4.926627e-16 7.369790e-18
5896.480000 4.953005e-16 7.229633e-18
5899.480000 5.055517e-16 7.130206e-18
5902.480000 5.124981e-16 7.056012e-18
5905.480000 5.197254e-16 7.033363e-18
5908.480000 5.206541e-16 7.035837e-18
5911.480000 5.190756e-16 7.067589e-18
5914.480000 5.191821e-16 7.184040e-18
5917.480000 5.132279e-16 7.247284e-18
5920.480000 5.076080e-16 7.294719e-18
5923.480000 5.082355e-16 7.418194e-18
5926.480000 5.133202e-16 7.408446e-18
5929.480000 5.149952e-16 7.503618e-18
5932.480000 5.209004e-16 7.693907e-18
5935.480000 5.332920e-16 7.896062e-18
5938.480000 5.356758e-16 7.976871e-18
5941.480000 5.231981e-16 8.037363e-18
5944.480000 5.196030e-16 8.188279e-18
5947.480000 5.145867e-16 8.348423e-18
5950.480000 5.200661e-16 8.582101e-18
5953.480000 5.288459e-16 8.813029e-18
5956.480000 5.313189e-16 8.997432e-18
5959.480000 5.348086e-16 9.197908e-18
5962.480000 5.194638e-16 9.305203e-18
5965.480000 5.121196e-16 9.337195e-18
5968.480000 5.024507e-16 9.172082e-18
5971.480000 5.084276e-16 8.990810e-18
5974.480000 5.157916e-16 8.824253e-18
5977.480000 5.179552e-16 8.746102e-18
5980.480000 5.206839e-16 8.561448e-18
5983.480000 5.322537e-16 8.400797e-18
5986.480000 5.273222e-16 8.167828e-18
5989.480000 5.306238e-16 8.043567e-18
5992.480000 5.217560e-16 7.784464e-18
5995.480000 5.086841e-16 7.441861e-18
5998.480000 5.183399e-16 7.347598e-18
6001.480000 5.336770e-16 7.296045e-18
6004.480000 5.346169e-16 7.195275e-18
6007.480000 5.247092e-16 7.033998e-18
6010.480000 5.162953e-16 6.904639e-18
6013.480000 5.163268e-16 6.804716e-18
6016.480000 5.146017e-16 6.718520e-18
6019.480000 5.144169e-16 6.656682e-18
6022.480000 5.174144e-16 6.613590e-18
6025.480000 5.204306e-16 6.577677e-18
6028.480000 5.246163e-16 6.584064e-18
6031.480000 5.399530e-16 6.680703e-18
6034.480000 5.405546e-16 6.692884e-18
6037.480000 5.329025e-16 6.682140e-18
6040.480000 5.335647e-16 6.708662e-18
6043.480000 5.393972e-16 6.784520e-18
6046.480000 5.411994e-16 6.865325e-18
6049.480000 5.342674e-16 6.928363e-18
6052.480000 5.393272e-16 7.046637e-18
6055.480000 5.430443e-16 7.157446e-18
6058.480000 5.373856e-16 7.260483e-18
6061.480000 5.375121e-16 7.403609e-18
6064.480000 5.291237e-16 7.462173e-18
6067.480000 5.318118e-16 7.634321e-18
6070.480000 5.305944e-16 7.762698e-18
6073.480000 5.248216e-16 7.874810e-18
6076.480000 5.158784e-16 8.000793e-18
6079.480000 5.097754e-16 8.130712e-18
6082.480000 5.147496e-16 8.337781e-18
6085.480000 5.218576e-16 8.585127e-18
6088.480000 5.202039e-16 8.722674e-18
6091.480000 5.238657e-16 8.839010e-18
6094.480000 5.161396e-16 8.651104e-18
6097.480000 5.058939e-16 8.357152e-18
6100.480000 5.161398e-16 8.225607e-18
6103.480000 5.214303e-16 8.080715e-18
6106.480000 5.110583e-16 7.825869e-18
6109.480000 5.088411e-16 7.641012e-18
6112.480000 5.124726e-16 7.489554e-18
6115.480000 5.304910e-16 7.445392e-18
6118.480000 5.444816e-16 7.376615e-18
6121.480000 5.316229e-16 7.149463e-18
6124.480000 5.299957e-16 6.969919e-18
6127.480000 5.425582e-16 6.927696e-18
6130.480000 5.460569e-16 6.827352e-18
6133.480000 5.456763e-16 6.741678e-18
6136.480000 5.456194e-16 6.648201e-18
6139.480000 5.472496e-16 6.593235e-18
6142.480000 5.408992e-16 6.506491e-18
6145.480000 5.444640e-16 6.481221e-18
6148.480000 5.468031e-16 6.433975e-18
6151.480000 5.503816e-16 6.425583e-18
6154.480000 5.510194e-16 6.411245e-18
6157.480000 5.520544e-16 6.409808e-18
6160.480000 5.577876e-16 6.455013e-18
6163.480000 5.627108e-16 6.502918e-18
6166.480000 5.616511e-16 6.550024e-18
6169.480000 5.500776e-16 6.674342e-18
6172.480000 5.375189e-16 6.734028e-18
6175.480000 5.361085e-16 6.826701e-18
6178.480000 5.390869e-16 6.919162e-18
6181.480000 5.440648e-16 7.055260e-18
6184.480000 5.564097e-16 7.093757e-18
6187.480000 5.528158e-16 7.176496e-18
6190.480000 5.510704e-16 7.307605e-18
6193.480000 5.524280e-16 7.452973e-18
6196.480000 5.493039e-16 7.588450e-18
6199.480000 5.476372e-16 7.751703e-18
6202.480000 5.451241e-16 7.892017e-18
6205.480000 5.339455e-16 7.986748e-18
6208.480000 5.232385e-16 8.107556e-18
6211.480000 5.257027e-16 8.297933e-18
6214.480000 5.349114e-16 8.530697e-18
6217.480000 5.266419e-16 8.507996e-18
6220.480000 5.322086e-16 8.389072e-18
6223.480000 5.397656e-16 8.251642e-18
6226.480000 5.389680e-16 8.050551e-18
6229.480000 5.434764e-16 7.912880e-18
6232.480000 5.318025e-16 7.783909e-18
6235.480000 5.277525e-16 7.637741e-18
6238.480000 5.269901e-16 7.498198e-18
6241.480000 5.276297e-16 7.293439e-18
6244.480000 5.407336e-16 7.078213e-18
6247.480000 5.429230e-16 6.911758e-18
6250.480000 5.448410e-16 6.782379e-18
6253.480000 5.449169e-16 6.693256e-18
6256.480000 5.335795e-16 6.565070e-18
6259.480000 5.303376e-16 6.483138e-18
6262.480000 5.281744e-16 6.372992e-18
6265.480000 5.276089e-16 6.253256e-18
6268.480000 5.295600e-16 6.208990e-18
6271.480000 5.135204e-16 6.114543e-18
6274.480000 5.184549e-16 6.033879e-18
6277.480000 5.189169e-16 5.974213e-18
6280.480000 5.115007e-16 5.966984e-18
6283.480000 5.201699e-16 6.026069e-18
6286.480000 5.210524e-16 6.075318e-18
6289.480000 5.161722e-16 6.108555e-18
6292.480000 5.132545e-16 6.168116e-18
6295.480000 5.188751e-16 6.445915e-18
6298.480000 5.229019e-16 6.745216e-18
6301.480000 5.201249e-16 6.885018e-18
6304.480000 5.161571e-16 6.833523e-18
6307.480000 5.095453e-16 6.737949e-18
6310.480000 5.083024e-16 6.613567e-18
6313.480000 5.153966e-16 6.699294e-18
6316.480000 5.109630e-16 6.778744e-18
6319.480000 5.186924e-16 6.967411e-18
6322.480000 5.239851e-16 7.144066e-18
6325.480000 5.145123e-16 7.270037e-18
6328.480000 5.221255e-16 7.486964e-18
6331.480000 5.246033e-16 7.681588e-18
6334.480000 5.025404e-16 7.673956e-18
6337.480000 5.032039e-16 7.814171e-18
6340.480000 5.020463e-16 7.969249e-18
6343.480000 5.044797e-16 7.976031e-18
6346.480000 5.071872e-16 7.847156e-18
6349.480000 5.054011e-16 7.686191e-18
6352.480000 5.030867e-16 7.512456e-18
6355.480000 5.003681e-16 7.348828e-18
6358.480000 5.083405e-16 7.263610e-18
6361.480000 5.169106e-16 7.199029e-18
6364.480000 5.223584e-16 7.095396e-18
6367.480000 5.115385e-16 6.838710e-18
6370.480000 5.134523e-16 6.631311e-18
6373.480000 5.121827e-16 6.444123e-18
6376.480000 5.169585e-16 6.328361e-18
6379.480000 5.284742e-16 6.306699e-18
6382.480000 5.158245e-16 6.160162e-18
6385.480000 5.051911e-16 6.019052e-18
6388.480000 5.137880e-16 5.985370e-18
6391.480000 5.197678e-16 5.941829e-18
6394.480000 5.226538e-16 5.889296e-18
6397.480000 5.260689e-16 5.853860e-18
6400.480000 5.249878e-16 5.816436e-18
6403.480000 5.214612e-16 5.793238e-18
6406.480000 5.152998e-16 5.762526e-18
6409.480000 5.094745e-16 5.738895e-18
6412.480000 5.140423e-16 5.776491e-18
6415.480000 5.161222e-16 5.825465e-18
6418.480000 5.187453e-16 5.896423e-18
6421.480000 5.203549e-16 5.962948e-18
6424.480000 5.166334e-16 6.002072e-18
6427.480000 5.072281e-16 6.020661e-18
6430.480000 5.012071e-16 6.092160e-18
6433.480000 5.125708e-16 6.266715e-18
6436.480000 5.037413e-16 6.314762e-18
6439.480000 5.114192e-16 6.492296e-18
6442.480000 5.128940e-16 6.615139e-18
6445.480000 5.098316e-16 6.719187e-18
6448.480000 5.152454e-16 6.918619e-18
6451.480000 5.074062e-16 7.011713e-18
6454.480000 5.042465e-16 7.152802e-18
6457.480000 5.025324e-16 7.322206e-18
6460.480000 5.088988e-16 7.539552e-18
6463.480000 5.102993e-16 7.752424e-18
6466.480000 5.033018e-16 7.919613e-18
6469.480000 4.910368e-16 7.820069e-18
6472.480000 4.958850e-16 7.636187e-18
6475.480000 5.077718e-16 7.479763e-18
6478.480000 5.177548e-16 7.351436e-18
6481.480000 5.048298e-16 7.088032e-18
6484.480000 5.049241e-16 6.900467e-18
6487.480000 5.091658e-16 6.781254e-18
6490.480000 5.020700e-16 6.627937e-18
6493.480000 4.881715e-16 6.446194e-18
6496.480000 4.704489e-16 6.232477e-18
6499.480000 4.838401e-16 6.211790e-18
6502.480000 4.990502e-16 6.179112e-18
6505.480000 4.985389e-16 6.042542e-18
6508.480000 4.964139e-16 5.908685e-18
6511.480000 5.082392e-16 5.861045e-18
6514.480000 5.155858e-16 5.812108e-18
6517.480000 5.149999e-16 5.741228e-18
6520.480000 5.109066e-16 5.680427e-18
6523.480000 5.052723e-16 5.628736e-18
6526.480000 4.968483e-16 5.566285e-18
6529.480000 5.012381e-16 5.591512e-18
6532.480000 5.092089e-16 5.655511e-18
6535.480000 5.039675e-16 5.640120e-18
6538.480000 5.005696e-16 5.617976e-18
6541.480000 5.051058e-16 5.659514e-18
6544.480000 5.139728e-16 5.752386e-18
6547.480000 5.180557e-16 5.834251e-18
6550.480000 5.092287e-16 5.876148e-18
6553.480000 5.027158e-16 5.951702e-18
6556.480000 5.022612e-16 6.048631e-18
6559.480000 5.037089e-16 6.169270e-18
6562.480000 5.111044e-16 6.347321e-18
6565.480000 5.007310e-16 6.377886e-18
6568.480000 4.904349e-16 6.402080e-18
6571.480000 4.944629e-16 6.548534e-18
6574.480000 4.993699e-16 6.709668e-18
6577.480000 4.872711e-16 6.802004e-18
6580.480000 4.880069e-16 6.943933e-18
6583.480000 4.908367e-16 7.070140e-18
6586.480000 4.866319e-16 7.184027e-18
6589.480000 4.795487e-16 7.287243e-18
6592.480000 4.798662e-16 7.410385e-18
6595.480000 4.781799e-16 7.375941e-18
6598.480000 4.878717e-16 7.287225e-18
6601.480000 4.884800e-16 7.117125e-18
6604.480000 4.924967e-16 6.964583e-18
6607.480000 5.001800e-16 6.837437e-18
6610.480000 5.074868e-16 6.709832e-18
6613.480000 5.042374e-16 6.517016e-18
6616.480000 5.087430e-16 6.399801e-18
6619.480000 5.065656e-16 6.253990e-18
6622.480000 5.080473e-16 6.140750e-18
6625.480000 5.094226e-16 6.034964e-18
6628.480000 5.100591e-16 5.943741e-18
6631.480000 5.093605e-16 5.840816e-18
6634.480000 5.182578e-16 5.783990e-18
6637.480000 5.265619e-16 5.740922e-18
6640.480000 5.248632e-16 5.661640e-18
6643.480000 5.222242e-16 5.576708e-18
6646.480000 5.256183e-16 5.529945e-18
6649.480000 5.279168e-16 5.490721e-18
6652.480000 5.230376e-16 5.445509e-18
6655.480000 5.111739e-16 5.395475e-18
6658.480000 4.987300e-16 5.350503e-18
6661.480000 4.973562e-16 5.367415e-18
6664.480000 4.997419e-16 5.410855e-18
6667.480000 5.092239e-16 5.487639e-18
6670.480000 5.156888e-16 5.573569e-18
6673.480000 5.123829e-16 5.621886e-18
6676.480000 5.103654e-16 5.678179e-18
6679.480000 5.096810e-16 5.759725e-18
6682.480000 5.195641e-16 5.858257e-18
6685.480000 5.183504e-16 5.925234e-18
6688.480000 5.215917e-16 6.178363e-18
6691.480000 5.127952e-16 6.261172e-18
6694.480000 5.125964e-16 6.418762e-18
6697.480000 5.181906e-16 6.620946e-18
6700.480000 5.176965e-16 6.551043e-18
6703.480000 5.204931e-16 6.681681e-18
6706.480000 5.144538e-16 6.795877e-18
6709.480000 5.190885e-16 6.970001e-18
6712.480000 5.113858e-16 7.094637e-18
6715.480000 5.208621e-16 7.307626e-18
6718.480000 5.279321e-16 7.455361e-18
6721.480000 5.311669e-16 7.411950e-18
6724.480000 5.226043e-16 7.190371e-18
6727.480000 5.291025e-16 7.044802e-18
6730.480000 5.286111e-16 6.893618e-18
6733.480000 5.262500e-16 6.710865e-18
6736.480000 5.224668e-16 6.544858e-18
6739.480000 5.208327e-16 6.392126e-18
6742.480000 5.172032e-16 6.261016e-18
6745.480000 4.997893e-16 6.081019e-18
6748.480000 5.047401e-16 5.983547e-18
6751.480000 5.194609e-16 5.921000e-18
6754.480000 5.351225e-16 5.851870e-18
6757.480000 5.243722e-16 5.702999e-18
6760.480000 5.175580e-16 5.588133e-18
6763.480000 5.176890e-16 5.509959e-18
6766.480000 5.245995e-16 5.477908e-18
6769.480000 5.247505e-16 5.426323e-18
6772.480000 5.297588e-16 5.403193e-18
6775.480000 5.323763e-16 5.386709e-18
6778.480000 5.255333e-16 5.333117e-18
6781.480000 5.223839e-16 5.304827e-18
6784.480000 5.239581e-16 5.316777e-18
6787.480000 5.200949e-16 5.312548e-18
6790.480000 5.207216e-16 5.342166e-18
6793.480000 5.267663e-16 5.408622e-18
6796.480000 5.280545e-16 5.455086e-18
6799.480000 5.215663e-16 5.471501e-18
6802.480000 5.145111e-16 5.518490e-18
6805.480000 5.177032e-16 5.625056e-18
6808.480000 5.278686e-16 5.763440e-18
6811.480000 5.332505e-16 5.880973e-18
6814.480000 5.251462e-16 5.945862e-18
6817.480000 5.281756e-16 6.084405e-18
6820.480000 5.325510e-16 6.239992e-18
6823.480000 5.368713e-16 6.457443e-18
6826.480000 5.421614e-16 6.715603e-18
6829.480000 5.483259e-16 7.056707e-18
6832.480000 5.520134e-16 7.265158e-18
6835.480000 5.481207e-16 7.356224e-18
6838.480000 5.542567e-16 7.513631e-18
6841.480000 5.583282e-16 7.644491e-18
6844.480000 5.544354e-16 7.606858e-18
6847.480000 5.662437e-16 7.554418e-18
6850.480000 5.841412e-16 7.458772e-18
6853.480000 5.993303e-16 7.370557e-18
6856.480000 6.272488e-16 7.371746e-18
6859.480000 6.583405e-16 7.504034e-18
6862.480000 6.780922e-16 7.769279e-18
6865.480000 6.802364e-16 8.011232e-18
6868.480000 6.642613e-16 7.915363e-18
6871.480000 6.585005e-16 7.943109e-18
6874.480000 6.636831e-16 7.596190e-18
6877.480000 6.762557e-16 6.977889e-18
6880.480000 6.910840e-16 6.812137e-18
6883.480000 7.003245e-16 6.620651e-18
6886.480000 7.081184e-16 6.575385e-18
6889.480000 7.121449e-16 6.511902e-18
6892.480000 7.324320e-16 6.498422e-18
6895.480000 7.781186e-16 6.582329e-18
6898.480000 8.135638e-16 6.652048e-18
6901.480000 8.445704e-16 6.750087e-18
6904.480000 8.537228e-16 6.780321e-18
6907.480000 8.223581e-16 6.621703e-18
6910.480000 8.007424e-16 6.535762e-18
6913.480000 8.216119e-16 6.573243e-18
6916.480000 8.623548e-16 6.691724e-18
6919.480000 8.840888e-16 6.802871e-18
6922.480000 8.538648e-16 6.764588e-18
6925.480000 7.983585e-16 6.673335e-18
6928.480000 7.677280e-16 6.789379e-18
6931.480000 8.045453e-16 7.085804e-18
6934.480000 9.210614e-16 7.557968e-18
6937.480000 1.052176e-15 8.387688e-18
6940.480000 1.143240e-15 8.419867e-18
6943.480000 1.090483e-15 8.280555e-18
6946.480000 9.511625e-16 7.943778e-18
6949.480000 8.363630e-16 7.713458e-18
6952.480000 7.744470e-16 7.604034e-18
6955.480000 7.458316e-16 7.579740e-18
6958.480000 7.217471e-16 7.611938e-18
6961.480000 7.000057e-16 7.686822e-18
6964.480000 6.927158e-16 7.819229e-18
6967.480000 6.774554e-16 7.956752e-18
6970.480000 6.572470e-16 7.945260e-18
6973.480000 6.394357e-16 7.753619e-18
6976.480000 6.299600e-16 7.753335e-18
6979.480000 6.260304e-16 7.574599e-18
6982.480000 6.192836e-16 7.336580e-18
6985.480000 6.019666e-16 7.047997e-18
6988.480000 5.873661e-16 6.786806e-18
6991.480000 5.734642e-16 6.561329e-18
6994.480000 5.660105e-16 6.383286e-18
6997.480000 5.579572e-16 6.211738e-18
7000.480000 5.553711e-16 6.082254e-18
7003.480000 5.518231e-16 5.965343e-18
7006.480000 5.466634e-16 5.839551e-18
7009.480000 5.382978e-16 5.695937e-18
7012.480000 5.302759e-16 5.451909e-18
7015.480000 5.325676e-16 5.374477e-18
7018.480000 5.319095e-16 5.310983e-18
7021.480000 5.251510e-16 5.269972e-18
7024.480000 5.253950e-16 5.233352e-18
7027.480000 5.251534e-16 5.181574e-18
7030.480000 5.214638e-16 5.181500e-18
7033.480000 5.199356e-16 5.242425e-18
7036.480000 5.182623e-16 5.243836e-18
7039.480000 5.146200e-16 5.258176e-18
7042.480000 5.224637e-16 5.244627e-18
7045.480000 5.210702e-16 5.249245e-18
7048.480000 5.176568e-16 5.299803e-18
7051.480000 5.122245e-16 5.319941e-18
7054.480000 5.017236e-16 5.331676e-18
7057.480000 5.009677e-16 5.397517e-18
7060.480000 5.028099e-16 5.494557e-18
7063.480000 5.004231e-16 5.680737e-18
7066.480000 4.983732e-16 5.788599e-18
7069.480000 5.069356e-16 5.952758e-18
7072.480000 5.088979e-16 6.083551e-18
7075.480000 5.210858e-16 6.242558e-18
7078.480000 5.318913e-16 6.447144e-18
7081.480000 5.407518e-16 6.636659e-18
7084.480000 5.342124e-16 6.620989e-18
7087.480000 5.239050e-16 6.721410e-18
7090.480000 5.231243e-16 6.854376e-18
7093.480000 5.288837e-16 7.053850e-18
7096.480000 5.442687e-16 7.149566e-18
7099.480000 5.361879e-16 6.958340e-18
7102.480000 5.110310e-16 6.662213e-18
7105.480000 4.899906e-16 6.400184e-18
7108.480000 4.827386e-16 6.223441e-18
7111.480000 4.795306e-16 6.098769e-18
7114.480000 4.805812e-16 5.993775e-18
7117.480000 4.831952e-16 5.865833e-18
7120.480000 4.777830e-16 5.726169e-18
7123.480000 4.737480e-16 5.707141e-18
7126.480000 4.780536e-16 5.620349e-18
7129.480000 4.830351e-16 5.550869e-18
7132.480000 4.844691e-16 5.426948e-18
7135.480000 4.899121e-16 5.227106e-18
7138.480000 4.812202e-16 5.119622e-18
7141.480000 4.803892e-16 5.067613e-18
7144.480000 4.838990e-16 5.036324e-18
7147.480000 4.846197e-16 4.991681e-18
7150.480000 4.785055e-16 4.920885e-18
7153.480000 4.741198e-16 4.867356e-18
7156.480000 4.721938e-16 4.835436e-18
7159.480000 4.716122e-16 4.832477e-18
7162.480000 4.731927e-16 4.843072e-18
7165.480000 4.731985e-16 4.849394e-18
7168.480000 4.679400e-16 4.856668e-18
7171.480000 4.653390e-16 4.883277e-18
7174.480000 4.686937e-16 5.005509e-18
7177.480000 4.705700e-16 5.092267e-18
7180.480000 4.685773e-16 5.153983e-18
7183.480000 4.758908e-16 5.176508e-18
7186.480000 4.630063e-16 5.149037e-18
7189.480000 4.502003e-16 5.196251e-18
7192.480000 4.551086e-16 5.331831e-18
7195.480000 4.590190e-16 5.441933e-18
7198.480000 4.534462e-16 5.528633e-18
7201.480000 4.504339e-16 5.640494e-18
7204.480000 4.549838e-16 5.781039e-18
7207.480000 4.572291e-16 5.911635e-18
7210.480000 4.586895e-16 6.069663e-18
7213.480000 4.643760e-16 6.244579e-18
7216.480000 4.657630e-16 6.403052e-18
7219.480000 4.668834e-16 6.572632e-18
7222.480000 4.612879e-16 6.575627e-18
7225.480000 4.581178e-16 6.414271e-18
7228.480000 4.634817e-16 6.287940e-18
7231.480000 4.535289e-16 6.118507e-18
7234.480000 4.530799e-16 6.068580e-18
7237.480000 4.651817e-16 6.209063e-18
7240.480000 4.624767e-16 6.340162e-18
7243.480000 4.611129e-16 6.340010e-18
7246.480000 4.608987e-16 6.120924e-18
7249.480000 4.645829e-16 5.804425e-18
7252.480000 4.636056e-16 5.529377e-18
7255.480000 4.544359e-16 5.434187e-18
7258.480000 4.594684e-16 5.335923e-18
7261.480000 4.688616e-16 5.267552e-18
7264.480000 4.750207e-16 5.025393e-18
7267.480000 4.691387e-16 4.974157e-18
7270.480000 4.691951e-16 5.022388e-18
7273.480000 4.640759e-16 5.281081e-18
7276.480000 4.574714e-16 5.604587e-18
7279.480000 4.561514e-16 5.503422e-18
7282.480000 4.642292e-16 5.226475e-18
7285.480000 4.690740e-16 5.017112e-18
7288.480000 4.613350e-16 4.926047e-18
7291.480000 4.584028e-16 4.886365e-18
7294.480000 4.600627e-16 4.896032e-18
7297.480000 4.642748e-16 4.956650e-18
7300.480000 4.651712e-16 5.021832e-18
7303.480000 4.659648e-16 5.079964e-18
7306.480000 4.628472e-16 5.129256e-18
7309.480000 4.568139e-16 5.181573e-18
7312.480000 4.555177e-16 5.388097e-18
7315.480000 4.551783e-16 5.651352e-18
7318.480000 4.591356e-16 5.766680e-18
7321.480000 4.630518e-16 5.708060e-18
7324.480000 4.612602e-16 5.716615e-18
7327.480000 4.607594e-16 5.874009e-18
7330.480000 4.613563e-16 6.060061e-18
7333.480000 4.581903e-16 6.304104e-18
7336.480000 4.594804e-16 6.539808e-18
7339.480000 4.636137e-16 6.930288e-18
7342.480000 4.571416e-16 7.163478e-18
7345.480000 4.584855e-16 7.074920e-18
7348.480000 4.628270e-16 6.817640e-18
7351.480000 4.786515e-16 6.531038e-18
7354.480000 4.587785e-16 6.296246e-18
7357.480000 4.566845e-16 6.219260e-18
7360.480000 4.565898e-16 6.121640e-18
7363.480000 4.548649e-16 5.976622e-18
7366.480000 4.580871e-16 5.946709e-18
7369.480000 4.596759e-16 6.081091e-18
7372.480000 4.641996e-16 5.958001e-18
7375.480000 4.682554e-16 5.698889e-18
7378.480000 4.620403e-16 5.419345e-18
7381.480000 4.608839e-16 5.146679e-18
7384.480000 4.611782e-16 5.069872e-18
7387.480000 4.583125e-16 4.999606e-18
7390.480000 4.581073e-16 4.978044e-18
7393.480000 4.629716e-16 4.981417e-18
7396.480000 4.640489e-16 4.952544e-18
7399.480000 4.634435e-16 4.950930e-18
7402.480000 4.617668e-16 4.961290e-18
7405.480000 4.651240e-16 4.906484e-18
7408.480000 4.672810e-16 4.807056e-18
7411.480000 4.600697e-16 4.728918e-18
7414.480000 4.572515e-16 4.708339e-18
7417.480000 4.609199e-16 4.728551e-18
7420.480000 4.631290e-16 4.774411e-18
7423.480000 4.681184e-16 4.853340e-18
7426.480000 4.742328e-16 4.951484e-18
7429.480000 4.749024e-16 5.044515e-18
7432.480000 4.728506e-16 5.123910e-18
7435.480000 4.743245e-16 5.235577e-18
7438.480000 4.729622e-16 5.332457e-18
7441.480000 4.646592e-16 5.353828e-18
7444.480000 4.608926e-16 5.376833e-18
7447.480000 4.675101e-16 5.477179e-18
7450.480000 4.692813e-16 5.589197e-18
7453.480000 4.603143e-16 5.672326e-18
7456.480000 4.587888e-16 5.803103e-18
7459.480000 4.647942e-16 6.047094e-18
7462.480000 4.639593e-16 6.197003e-18
7465.480000 4.580075e-16 6.335583e-18
7468.480000 4.526683e-16 6.488059e-18
7471.480000 4.454311e-16 6.560396e-18
7474.480000 4.406541e-16 6.522128e-18
7477.480000 4.400274e-16 6.368244e-18
7480.480000 4.489355e-16 6.282855e-18
7483.480000 4.543035e-16 6.152290e-18
7486.480000 4.549145e-16 5.961926e-18
7489.480000 4.566506e-16 5.788485e-18
7492.480000 4.489849e-16 5.607297e-18
7495.480000 4.409044e-16 5.431899e-18
7498.480000 4.379274e-16 5.291386e-18
7501.480000 4.369499e-16 5.160679e-18
7504.480000 4.430700e-16 5.098313e-18
7507.480000 4.384347e-16 5.089481e-18
7510.480000 4.303726e-16 4.976275e-18
7513.480000 4.278988e-16 4.903740e-18
7516.480000 4.258538e-16 4.839291e-18
7519.480000 4.315302e-16 4.798001e-18
7522.480000 4.340068e-16 4.858826e-18
7525.480000 4.397335e-16 4.892855e-18
7528.480000 4.387465e-16 4.806577e-18
7531.480000 4.363084e-16 4.698604e-18
7534.480000 4.366967e-16 4.632253e-18
7537.480000 4.364155e-16 4.596501e-18
7540.480000 4.364847e-16 4.599209e-18
7543.480000 4.356605e-16 4.617791e-18
7546.480000 4.340817e-16 4.633056e-18
7549.480000 4.304197e-16 4.645420e-18
7552.480000 4.285424e-16 4.701353e-18
7555.480000 4.301258e-16 4.786762e-18
7558.480000 4.297314e-16 4.865523e-18
7561.480000 4.288603e-16 4.932957e-18
7564.480000 4.264783e-16 5.019287e-18
7567.480000 4.254211e-16 5.164322e-18
7570.480000 4.217290e-16 5.336785e-18
7573.480000 4.195946e-16 5.441259e-18
7576.480000 4.194634e-16 5.466111e-18
7579.480000 4.264321e-16 5.540981e-18
7582.480000 4.286954e-16 5.685349e-18
7585.480000 4.289573e-16 5.870021e-18
7588.480000 4.428322e-16 6.260048e-18
7591.480000 4.464846e-16 6.656263e-18
7594.480000 4.488010e-16 7.496817e-18
7597.480000 4.432768e-16 8.451678e-18
7600.480000 4.448800e-16 9.452041e-18
7603.480000 4.156416e-16 9.314601e-18
7606.480000 4.115578e-16 9.169809e-18
7609.480000 3.997270e-16 8.303165e-18
7612.480000 4.053202e-16 7.535459e-18
7615.480000 4.180798e-16 6.792141e-18
7618.480000 4.349870e-16 6.575241e-18
7621.480000 4.322266e-16 6.341189e-18
7624.480000 4.336710e-16 6.467255e-18
7627.480000 4.316660e-16 6.548010e-18
7630.480000 4.270475e-16 6.500174e-18
7633.480000 4.214013e-16 6.264744e-18
7636.480000 4.273065e-16 6.026926e-18
7639.480000 4.266979e-16 5.777776e-18
7642.480000 4.285859e-16 5.588219e-18
7645.480000 4.283165e-16 5.396769e-18
7648.480000 4.310348e-16 5.231086e-18
7651.480000 4.353137e-16 5.118608e-18
7654.480000 4.357368e-16 5.015687e-18
7657.480000 4.327886e-16 4.913032e-18
7660.480000 4.275750e-16 4.830586e-18
7663.480000 4.262915e-16 4.781023e-18
7666.480000 4.281214e-16 4.787376e-18
7669.480000 4.298492e-16 4.784045e-18
7672.480000 4.265886e-16 4.773886e-18
7675.480000 4.253209e-16 4.793125e-18
7678.480000 4.213266e-16 4.754160e-18
7681.480000 4.165950e-16 4.773652e-18
7684.480000 4.173475e-16 4.855270e-18
7687.480000 4.246749e-16 4.974943e-18
7690.480000 4.337865e-16 5.093892e-18
7693.480000 4.316887e-16 5.164837e-18
7696.480000 4.294270e-16 5.256086e-18
7699.480000 4.286559e-16 5.374341e-18
7702.480000 4.340750e-16 5.531858e-18
7705.480000 4.331203e-16 5.695148e-18
7708.480000 4.344541e-16 6.058183e-18
7711.480000 4.378738e-16 6.620690e-18
7714.480000 4.377861e-16 7.108618e-18
7717.480000 4.404140e-16 7.271480e-18
7720.480000 4.443258e-16 7.114307e-18
7723.480000 4.419071e-16 6.850501e-18
7726.480000 4.404590e-16 6.618741e-18
7729.480000 4.391631e-16 6.376004e-18
7732.480000 4.357796e-16 6.134016e-18
7735.480000 4.357910e-16 5.967073e-18
7738.480000 4.328874e-16 5.808498e-18
7741.480000 4.347075e-16 5.703413e-18
7744.480000 4.347096e-16 5.691166e-18
7747.480000 4.373342e-16 5.867297e-18
7750.480000 4.413910e-16 6.113527e-18
7753.480000 4.420479e-16 6.035421e-18
7756.480000 4.337698e-16 5.618886e-18
7759.480000 4.326681e-16 5.356840e-18
7762.480000 4.332900e-16 5.216834e-18
7765.480000 4.325901e-16 5.044103e-18
7768.480000 4.345097e-16 4.937381e-18
7771.480000 4.426746e-16 4.972120e-18
7774.480000 4.468019e-16 4.984166e-18
7777.480000 4.469876e-16 4.952755e-18
7780.480000 4.454451e-16 4.898223e-18
7783.480000 4.453729e-16 4.858151e-18
7786.480000 4.407460e-16 4.821863e-18
7789.480000 4.401432e-16 4.931220e-18
7792.480000 4.462756e-16 5.182310e-18
7795.480000 4.471823e-16 5.312104e-18
7798.480000 4.398912e-16 5.150208e-18
7801.480000 4.334890e-16 4.985569e-18
7804.480000 4.440796e-16 5.039820e-18
7807.480000 4.408479e-16 5.156696e-18
7810.480000 4.287308e-16 5.210839e-18
7813.480000 4.275915e-16 5.261235e-18
7816.480000 4.291868e-16 5.453002e-18
7819.480000 4.328576e-16 5.861652e-18
7822.480000 4.465250e-16 6.157333e-18
7825.480000 4.434612e-16 5.999410e-18
7828.480000 4.355206e-16 5.767916e-18
7831.480000 4.391486e-16 5.790608e-18
7834.480000 4.368924e-16 5.895243e-18
7837.480000 4.427378e-16 6.120129e-18
7840.480000 4.385406e-16 6.388137e-18
7843.480000 4.393548e-16 6.588607e-18
7846.480000 4.342340e-16 6.711017e-18
7849.480000 4.321417e-16 6.948426e-18
7852.480000 4.452921e-16 7.312197e-18
7855.480000 4.350473e-16 7.220653e-18
7858.480000 4.336077e-16 6.825643e-18
7861.480000 4.689917e-16 6.562785e-18
7864.480000 4.443946e-16 6.187935e-18
7867.480000 4.421208e-16 6.025342e-18
7870.480000 4.518026e-16 6.016241e-18
7873.480000 4.562397e-16 5.893850e-18
7876.480000 4.454517e-16 5.663169e-18
7879.480000 4.420874e-16 5.560482e-18
7882.480000 4.430157e-16 5.502989e-18
7885.480000 4.389364e-16 5.397309e-18
7888.480000 4.400203e-16 5.398564e-18
7891.480000 4.375206e-16 5.417825e-18
7894.480000 4.303770e-16 5.214324e-18
7897.480000 4.327185e-16 4.962592e-18
7900.480000 4.327736e-16 4.852026e-18
7903.480000 4.381608e-16 4.816013e-18
7906.480000 4.435610e-16 4.853456e-18
7909.480000 4.427869e-16 5.043444e-18
7912.480000 4.435708e-16 5.342152e-18
7915.480000 4.455834e-16 5.478130e-18
7918.480000 4.397375e-16 5.352546e-18
7921.480000 4.396178e-16 5.235424e-18
7924.480000 4.383438e-16 5.122297e-18
7927.480000 4.381860e-16 5.093660e-18
7930.480000 4.433581e-16 5.177799e-18
7933.480000 4.451033e-16 5.230394e-18
7936.480000 4.431337e-16 5.181130e-18
7939.480000 4.413803e-16 5.167757e-18
7942.480000 4.378700e-16 5.252066e-18
7945.480000 4.476728e-16 5.458634e-18
7948.480000 4.518478e-16 5.644117e-18
7951.480000 4.485137e-16 5.730499e-18
7954.480000 4.391120e-16 5.724340e-18
7957.480000 4.400060e-16 5.854285e-18
7960.480000 4.408052e-16 6.166023e-18
7963.480000 4.586220e-16 6.695916e-18
7966.480000 4.619900e-16 6.973717e-18
7969.480000 4.585095e-16 6.850427e-18
7972.480000 4.423521e-16 6.691864e-18
7975.480000 4.464668e-16 6.770359e-18
7978.480000 4.524510e-16 6.785489e-18
7981.480000 4.454140e-16 6.616600e-18
7984.480000 4.301813e-16 6.274520e-18
7987.480000 4.340236e-16 6.123947e-18
7990.480000 4.345724e-16 6.209722e-18
7993.480000 4.479015e-16 6.427940e-18
7996.480000 4.428110e-16 6.245727e-18
7999.480000 4.296475e-16 5.753074e-18
8002.480000 4.262553e-16 5.404275e-18
8005.480000 4.267101e-16 5.258578e-18
8008.480000 4.183947e-16 5.125697e-18
8011.480000 4.196451e-16 5.105096e-18
8014.480000 4.231576e-16 5.102753e-18
8017.480000 4.211448e-16 5.054107e-18
8020.480000 4.228071e-16 5.007670e-18
8023.480000 4.342078e-16 5.140097e-18
8026.480000 4.332417e-16 5.271110e-18
8029.480000 4.259155e-16 5.133850e-18
8032.480000 4.234640e-16 4.918047e-18
8035.480000 4.244755e-16 4.785382e-18
8038.480000 4.269688e-16 4.759795e-18
8041.480000 4.272250e-16 4.760116e-18
8044.480000 4.266484e-16 4.848949e-18
8047.480000 4.293754e-16 4.968921e-18
8050.480000 4.349068e-16 5.076836e-18
8053.480000 4.298091e-16 5.136440e-18
8056.480000 4.329169e-16 5.149160e-18
8059.480000 4.300285e-16 5.218689e-18
8062.480000 4.237582e-16 5.321870e-18
8065.480000 4.129157e-16 5.293444e-18
8068.480000 4.068130e-16 5.261017e-18
8071.480000 4.061133e-16 5.314893e-18
8074.480000 4.066878e-16 5.415616e-18
8077.480000 4.044567e-16 5.510737e-18
8080.480000 4.019290e-16 5.605836e-18
8083.480000 4.042276e-16 5.746859e-18
8086.480000 4.093590e-16 5.921367e-18
8089.480000 4.211705e-16 6.136227e-18
8092.480000 4.197202e-16 6.270243e-18
8095.480000 4.192748e-16 6.424450e-18
8098.480000 4.135770e-16 6.594034e-18
8101.480000 4.056866e-16 6.603167e-18
8104.480000 4.360492e-16 6.544040e-18
8107.480000 4.144294e-16 6.225750e-18
8110.480000 4.085822e-16 5.988036e-18
8113.480000 4.130564e-16 5.841383e-18
8116.480000 4.170940e-16 5.722584e-18
8119.480000 4.177747e-16 5.604002e-18
8122.480000 4.203632e-16 5.510881e-18
8125.480000 4.165924e-16 5.389293e-18
8128.480000 4.049547e-16 5.221538e-18
8131.480000 4.063921e-16 5.124376e-18
8134.480000 4.097712e-16 5.062177e-18
8137.480000 4.093858e-16 5.007763e-18
8140.480000 4.079232e-16 4.933609e-18
8143.480000 4.105762e-16 4.875043e-18
8146.480000 4.120737e-16 4.820543e-18
8149.480000 4.200599e-16 4.795041e-18
8152.480000 4.163836e-16 4.716633e-18
8155.480000 4.142401e-16 4.652251e-18
8158.480000 4.166153e-16 4.642967e-18
8161.480000 4.098444e-16 4.606927e-18
8164.480000 4.005498e-16 4.554682e-18
8167.480000 4.021442e-16 4.568881e-18
8170.480000 4.017420e-16 4.601902e-18
8173.480000 4.015690e-16 4.643789e-18
8176.480000 4.069912e-16 4.702157e-18
8179.480000 4.109930e-16 4.767319e-18
8182.480000 4.110893e-16 4.832377e-18
8185.480000 4.070855e-16 4.888015e-18
8188.480000 4.036876e-16 4.959028e-18
8191.480000 3.971342e-16 5.015667e-18
8194.480000 3.961117e-16 5.114471e-18
8197.480000 3.931016e-16 5.179352e-18
8200.480000 3.936662e-16 5.290419e-18
8203.480000 4.085983e-16 5.512008e-18
8206.480000 4.132011e-16 5.651337e-18
8209.480000 4.208277e-16 5.832165e-18
8212.480000 4.192247e-16 5.942864e-18
8215.480000 4.097642e-16 6.021339e-18
8218.480000 4.151673e-16 6.189314e-18
8221.480000 4.135347e-16 6.306337e-18
8224.480000 4.080715e-16 6.384210e-18
8227.480000 3.988612e-16 6.311670e-18
8230.480000 4.020570e-16 6.194149e-18
8233.480000 4.102888e-16 6.127375e-18
8236.480000 4.059929e-16 5.981103e-18
8239.480000 4.091049e-16 5.865782e-18
8242.480000 4.252321e-16 5.833818e-18
8245.480000 4.350796e-16 5.790870e-18
8248.480000 4.317598e-16 5.668572e-18
8251.480000 4.246323e-16 5.510587e-18
8254.480000 4.222246e-16 5.399214e-18
8257.480000 4.151634e-16 5.246231e-18
8260.480000 4.117867e-16 5.139548e-18
8263.480000 4.105580e-16 5.134730e-18
8266.480000 4.116947e-16 5.141988e-18
8269.480000 4.146463e-16 5.063102e-18
8272.480000 4.157167e-16 5.008469e-18
8275.480000 4.181381e-16 5.006487e-18
8278.480000 4.165787e-16 5.161963e-18
8281.480000 4.151188e-16 5.321585e-18
8284.480000 4.097090e-16 5.371573e-18
8287.480000 4.114005e-16 5.413771e-18
8290.480000 4.083574e-16 5.379923e-18
8293.480000 4.090722e-16 5.334197e-18
8296.480000 4.169974e-16 5.455783e-18
8299.480000 4.161691e-16 5.527238e-18
8302.480000 4.093669e-16 5.338809e-18
8305.480000 4.088799e-16 5.152531e-18
8308.480000 4.076832e-16 5.172331e-18
8311.480000 4.059352e-16 5.251557e-18
8314.480000 4.095535e-16 5.273877e-18
8317.480000 4.051087e-16 5.241283e-18
8320.480000 4.025986e-16 5.273103e-18
8323.480000 4.046104e-16 5.371146e-18
8326.480000 3.974339e-16 5.434654e-18
8329.480000 4.000187e-16 5.559017e-18
8332.480000 4.024611e-16 5.718169e-18
8335.480000 4.079628e-16 5.997307e-18
8338.480000 3.995174e-16 6.404032e-18
8341.480000 4.082422e-16 7.332517e-18
8344.480000 4.205830e-16 8.249753e-18
8347.480000 3.985310e-16 8.206513e-18
8350.480000 3.929718e-16 7.687575e-18
8353.480000 4.132881e-16 7.434763e-18
8356.480000 4.049493e-16 6.978467e-18
8359.480000 4.014521e-16 6.532159e-18
8362.480000 4.056312e-16 6.378269e-18
8365.480000 4.012509e-16 6.306744e-18
8368.480000 3.948297e-16 6.094147e-18
8371.480000 3.845098e-16 5.772985e-18
8374.480000 3.892885e-16 5.614095e-18
8377.480000 4.159325e-16 5.631827e-18
8380.480000 4.094341e-16 5.684296e-18
8383.480000 4.071692e-16 5.698299e-18
8386.480000 4.055950e-16 5.508721e-18
8389.480000 4.061291e-16 5.280198e-18
8392.480000 4.187979e-16 5.284874e-18
8395.480000 4.562778e-16 5.629478e-18
8398.480000 4.820175e-16 6.087767e-18
8401.480000 4.464971e-16 6.001161e-18
8404.480000 4.107409e-16 5.444523e-18
8407.480000 4.133108e-16 5.057000e-18
8410.480000 4.197684e-16 5.036899e-18
8413.480000 4.141470e-16 5.164907e-18
8416.480000 4.042879e-16 5.223756e-18
8419.480000 3.996563e-16 5.133868e-18
8422.480000 3.994506e-16 5.092517e-18
8425.480000 4.166691e-16 5.456072e-18
8428.480000 4.276015e-16 6.111195e-18
8431.480000 4.195610e-16 6.298793e-18
8434.480000 4.028958e-16 5.850911e-18
8437.480000 4.091623e-16 5.505923e-18
8440.480000 4.185564e-16 5.371722e-18
8443.480000 4.099465e-16 5.374451e-18
8446.480000 4.077503e-16 5.532901e-18
8449.480000 4.197139e-16 5.875354e-18
8452.480000 4.142561e-16 6.098515e-18
8455.480000 4.030425e-16 6.129004e-18
8458.480000 4.061106e-16 6.202299e-18
8461.480000 4.267596e-16 6.704528e-18
8464.480000 4.331234e-16 7.307845e-18
8467.480000 4.112075e-16 7.368558e-18
8470.480000 4.027775e-16 7.002140e-18
8473.480000 4.105276e-16 6.802537e-18
8476.480000 4.151736e-16 6.818951e-18
8479.480000 4.117960e-16 6.704567e-18
8482.480000 4.083530e-16 6.505240e-18
8485.480000 4.061849e-16 6.349741e-18
8488.480000 4.014503e-16 6.227135e-18
8491.480000 4.115907e-16 6.285761e-18
8494.480000 4.181474e-16 6.331022e-18
8497.480000 4.119717e-16 6.156674e-18
8500.480000 4.132736e-16 6.031471e-18
8503.480000 4.260960e-16 6.162842e-18
8506.480000 4.186481e-16 6.126277e-18
8509.480000 4.064135e-16 5.746528e-18
8512.480000 4.048131e-16 5.383299e-18
8515.480000 4.084226e-16 5.218108e-18
8518.480000 4.126567e-16 5.163732e-18
8521.480000 4.141420e-16 5.108424e-18
8524.480000 4.131473e-16 5.048760e-18
8527.480000 4.116983e-16 4.988113e-18
8530.480000 4.116162e-16 4.945051e-18
8533.480000 4.148863e-16 4.951467e-18
8536.480000 4.194226e-16 5.001804e-18
8539.480000 4.171075e-16 5.030142e-18
8542.480000 4.140815e-16 5.029534e-18
8545.480000 4.185804e-16 5.118732e-18
8548.480000 4.184942e-16 5.209304e-18
8551.480000 4.137867e-16 5.195794e-18
8554.480000 4.137597e-16 5.136043e-18
8557.480000 4.161226e-16 5.129873e-18
8560.480000 4.158153e-16 5.310581e-18
8563.480000 4.122354e-16 5.457499e-18
8566.480000 4.102023e-16 5.562367e-18
8569.480000 4.174491e-16 5.718988e-18
8572.480000 4.246550e-16 5.788357e-18
8575.480000 4.221840e-16 5.738332e-18
8578.480000 4.208174e-16 5.828092e-18
8581.480000 4.263052e-16 5.963456e-18
8584.480000 4.439167e-16 6.196274e-18
8587.480000 4.423515e-16 6.372949e-18
8590.480000 4.195318e-16 6.417143e-18
8593.480000 4.219259e-16 6.620738e-18
8596.480000 4.324161e-16 6.863865e-18
8599.480000 4.355641e-16 7.043877e-18
8602.480000 4.237061e-16 7.011304e-18
8605.480000 4.124934e-16 6.842982e-18
8608.480000 4.167785e-16 6.746182e-18
8611.480000 4.242590e-16 6.725348e-18
8614.480000 4.217667e-16 6.735290e-18
8617.480000 4.273193e-16 6.838569e-18
8620.480000 4.267991e-16 6.944624e-18
8623.480000 4.198205e-16 7.021934e-18
8626.480000 4.227484e-16 7.110558e-18
8629.480000 4.107478e-16 7.021897e-18
8632.480000 4.112300e-16 6.838690e-18
8635.480000 4.132575e-16 6.560097e-18
8638.480000 4.157776e-16 6.242449e-18
8641.480000 4.069521e-16 5.883525e-18
8644.480000 4.023566e-16 5.661240e-18
8647.480000 4.083816e-16 5.717634e-18
8650.480000 4.100606e-16 5.921965e-18
8653.480000 4.106604e-16 6.076965e-18
8656.480000 4.150778e-16 6.140166e-18
8659.480000 4.133104e-16 6.094791e-18
8662.480000 4.131891e-16 6.041427e-18
8665.480000 4.138211e-16 5.995248e-18
8668.480000 4.147871e-16 5.933413e-18
8671.480000 4.174090e-16 5.872741e-18
8674.480000 4.234932e-16 5.789937e-18
8677.480000 4.251526e-16 5.683168e-18
8680.480000 4.206227e-16 5.577392e-18
8683.480000 4.250429e-16 5.573808e-18
8686.480000 4.253746e-16 5.580701e-18
8689.480000 4.172844e-16 5.588685e-18
8692.480000 4.149262e-16 5.637689e-18
8695.480000 4.115612e-16 5.681225e-18
8698.480000 4.046871e-16 5.832154e-18
8701.480000 4.037411e-16 5.954203e-18
8704.480000 3.987169e-16 6.063462e-18
8707.480000 4.197074e-16 6.163229e-18
8710.480000 4.176414e-16 6.264412e-18
8713.480000 4.143092e-16 6.360874e-18
8716.480000 4.169184e-16 6.489925e-18
8719.480000 4.138664e-16 6.608748e-18
8722.480000 4.103302e-16 6.729813e-18
8725.480000 4.135627e-16 6.911962e-18
8728.480000 4.183019e-16 7.016506e-18
8731.480000 4.208489e-16 6.943697e-18
8734.480000 4.139059e-16 6.767684e-18
8737.480000 4.082532e-16 6.597054e-18
8740.480000 4.006316e-16 6.399171e-18
8743.480000 4.066627e-16 6.268738e-18
8746.480000 4.138421e-16 6.173766e-18
8749.480000 4.049869e-16 6.045445e-18
8752.480000 3.944612e-16 5.934546e-18
8755.480000 3.964440e-16 6.056241e-18
8758.480000 4.014985e-16 6.459987e-18
8761.480000 3.999780e-16 6.826548e-18
8764.480000 4.115442e-16 6.997549e-18
8767.480000 4.185670e-16 6.983400e-18
8770.480000 4.082692e-16 6.708120e-18
8773.480000 4.112517e-16 6.408792e-18
8776.480000 4.139729e-16 6.480204e-18
8779.480000 3.990630e-16 6.454105e-18
8782.480000 3.913772e-16 5.976703e-18
8785.480000 3.974899e-16 5.500574e-18
8788.480000 4.059232e-16 5.437602e-18
8791.480000 4.027038e-16 5.485292e-18
8794.480000 3.936566e-16 5.354293e-18
8797.480000 3.945130e-16 5.192382e-18
8800.480000 3.997691e-16 5.159642e-18
8803.480000 4.059344e-16 5.235779e-18
8806.480000 4.093836e-16 5.321689e-18
8809.480000 4.038689e-16 5.380699e-18
8812.480000 4.015612e-16 5.445733e-18
8815.480000 3.994920e-16 5.510562e-18
8818.480000 3.853086e-16 5.693401e-18
8821.480000 3.923075e-16 6.495535e-18
8824.480000 4.247482e-16 7.961958e-18
8827.480000 4.156738e-16 8.830979e-18
8830.480000 3.970666e-16 8.448462e-18
8833.480000 4.157901e-16 7.904243e-18
8836.480000 4.145650e-16 7.777089e-18
8839.480000 4.002215e-16 7.445403e-18
8842.480000 4.071557e-16 7.058033e-18
8845.480000 4.153112e-16 7.116422e-18
8848.480000 4.201737e-16 7.464915e-18
8851.480000 4.165698e-16 7.663310e-18
8854.480000 4.018583e-16 7.429135e-18
8857.480000 3.996417e-16 7.117651e-18
8860.480000 4.089863e-16 7.028343e-18
8863.480000 4.165598e-16 7.140996e-18
8866.480000 4.197068e-16 7.360153e-18
8869.480000 4.085247e-16 7.283522e-18
8872.480000 4.034839e-16 6.805154e-18
8875.480000 4.053465e-16 6.373959e-18
8878.480000 4.074960e-16 6.275224e-18
8881.480000 4.292896e-16 6.680666e-18
8884.480000 4.428557e-16 7.444391e-18
8887.480000 4.226328e-16 7.692301e-18
8890.480000 4.088684e-16 7.007686e-18
8893.480000 4.070707e-16 6.091919e-18
8896.480000 4.008337e-16 5.700377e-18
8899.480000 4.043663e-16 5.807007e-18
8902.480000 4.052781e-16 6.075374e-18
8905.480000 3.914302e-16 6.046970e-18
8908.480000 3.827390e-16 5.716384e-18
8911.480000 3.877378e-16 5.624387e-18
8914.480000 4.074725e-16 6.112192e-18
8917.480000 4.273675e-16 6.934016e-18
8920.480000 4.354898e-16 7.355069e-18
8923.480000 4.173575e-16 6.789454e-18
8926.480000 4.031075e-16 5.938570e-18
8929.480000 4.046465e-16 5.563635e-18
8932.480000 4.058739e-16 5.549451e-18
8935.480000 4.042870e-16 5.656944e-18
8938.480000 4.089469e-16 5.931577e-18
8941.480000 4.140514e-16 6.335111e-18
8944.480000 4.078117e-16 6.511544e-18
8947.480000 4.019373e-16 6.352661e-18
8950.480000 3.945574e-16 6.268364e-18
8953.480000 4.037155e-16 6.856507e-18
8956.480000 4.145939e-16 7.878513e-18
8959.480000 4.101898e-16 8.278461e-18
8962.480000 4.288242e-16 7.761018e-18
8965.480000 4.242191e-16 7.078917e-18
8968.480000 3.972878e-16 6.840494e-18
8971.480000 3.950260e-16 6.950615e-18
8974.480000 3.876338e-16 7.056193e-18
8977.480000 3.815884e-16 7.196060e-18
8980.480000 3.742899e-16 7.264636e-18
8983.480000 3.797390e-16 7.327604e-18
8986.480000 3.889641e-16 7.488258e-18
8989.480000 3.727845e-16 7.402560e-18
8992.480000 3.512692e-16 6.940764e-18
8995.480000 3.563143e-16 6.672353e-18
8998.480000 3.673904e-16 6.850280e-18
9001.480000 3.474410e-16 7.043234e-18
9004.480000 3.280127e-16 6.728257e-18
9007.480000 3.239444e-16 6.026866e-18
9010.480000 3.348394e-16 5.635581e-18
9013.480000 3.499848e-16 5.558794e-18
9016.480000 3.599214e-16 5.520202e-18
9019.480000 3.721849e-16 5.498097e-18
9022.480000 3.806210e-16 5.466758e-18
9025.480000 3.788177e-16 5.391716e-18
9028.480000 3.818028e-16 5.378994e-18
9031.480000 3.939130e-16 5.477067e-18
9034.480000 3.990830e-16 5.610412e-18
9037.480000 3.970909e-16 5.722686e-18
9040.480000 3.939218e-16 5.729533e-18
9043.480000 3.914882e-16 5.668879e-18
9046.480000 3.934326e-16 5.753612e-18
9049.480000 3.928164e-16 5.907123e-18
9052.480000 3.907070e-16 5.885033e-18
9055.480000 3.915443e-16 5.746738e-18
9058.480000 3.890802e-16 5.677456e-18
9061.480000 3.831584e-16 5.716715e-18
9064.480000 3.819590e-16 5.809055e-18
9067.480000 3.812740e-16 5.865014e-18
9070.480000 3.795934e-16 5.917865e-18
9073.480000 3.772330e-16 5.975479e-18
9076.480000 3.735409e-16 6.037866e-18
9079.480000 3.772488e-16 6.214145e-18
9082.480000 3.887738e-16 6.481137e-18
9085.480000 3.993582e-16 6.712094e-18
9088.480000 3.956451e-16 6.893658e-18
9091.480000 3.967857e-16 7.165892e-18
9094.480000 4.027681e-16 7.402160e-18
9097.480000 3.954842e-16 7.482302e-18
