# TELESCOPE = UH88
# INSTRUMENT = SNIFS
# OBJECT = 2024xny
# CHANNEL = B+R
# EXPNUM = 24_296_018_002
# MJD-OBS = 60605.609277
# DATE-OBS = 2024-10-22T14:37:23
# EXPTIME = 1800.0s
# AIRMASS = 1.25
# FLUXCAL_RMS_B = 0.105 mag
# FLUXCAL_RMS_R = 0.074 mag
# RA = 08:58:36.99
# DEC = 24:18:37.00
# wl fl err
# [A] [erg/s/cm2/A]
3400.480000 1.191062e-15 3.970667e-17
3403.480000 1.135292e-15 4.079263e-17
3406.480000 1.088345e-15 3.656431e-17
3409.480000 1.110035e-15 3.467763e-17
3412.480000 1.122056e-15 3.827065e-17
3415.480000 1.086935e-15 3.873722e-17
3418.480000 1.080955e-15 3.470358e-17
3421.480000 1.134083e-15 3.417578e-17
3424.480000 1.073244e-15 3.772016e-17
3427.480000 1.026667e-15 3.731554e-17
3430.480000 1.075034e-15 3.293775e-17
3433.480000 1.146051e-15 3.329260e-17
3436.480000 1.118984e-15 3.673867e-17
3439.480000 1.103277e-15 3.567210e-17
3442.480000 1.095932e-15 3.093095e-17
3445.480000 1.081855e-15 3.160607e-17
3448.480000 1.076173e-15 3.503031e-17
3451.480000 1.099716e-15 3.429338e-17
3454.480000 1.077377e-15 3.086272e-17
3457.480000 1.063487e-15 3.225314e-17
3460.480000 1.093485e-15 3.464407e-17
3463.480000 1.087845e-15 3.250725e-17
3466.480000 1.056790e-15 2.990633e-17
3469.480000 1.017260e-15 3.196819e-17
3472.480000 1.050075e-15 3.352654e-17
3475.480000 1.007112e-15 3.031271e-17
3478.480000 1.006118e-15 2.873018e-17
3481.480000 1.000079e-15 3.210857e-17
3484.480000 1.003909e-15 3.293690e-17
3487.480000 1.036174e-15 2.994636e-17
3490.480000 1.018097e-15 2.875530e-17
3493.480000 1.016711e-15 3.227990e-17
3496.480000 9.693516e-16 3.224705e-17
3499.480000 9.411576e-16 2.835742e-17
3502.480000 9.158314e-16 2.829162e-17
3505.480000 9.068535e-16 3.176508e-17
3508.480000 9.227125e-16 3.132975e-17
3511.480000 8.963210e-16 2.709593e-17
3514.480000 9.055085e-16 2.749119e-17
3517.480000 9.193433e-16 3.033481e-17
3520.480000 9.185895e-16 2.917555e-17
3523.480000 9.272597e-16 2.586847e-17
3526.480000 8.950594e-16 2.666865e-17
3529.480000 8.891157e-16 2.876585e-17
3532.480000 8.938749e-16 2.738606e-17
3535.480000 8.851005e-16 2.514525e-17
3538.480000 8.641756e-16 2.709403e-17
3541.480000 8.624172e-16 2.876651e-17
3544.480000 8.784901e-16 2.708957e-17
3547.480000 8.662491e-16 2.563298e-17
3550.480000 8.675943e-16 2.819220e-17
3553.480000 8.534684e-16 2.895231e-17
3556.480000 8.279936e-16 2.610202e-17
3559.480000 8.502346e-16 2.531159e-17
3562.480000 8.497141e-16 2.853067e-17
3565.480000 8.600890e-16 2.874031e-17
3568.480000 8.192884e-16 2.489058e-17
3571.480000 8.057137e-16 2.437343e-17
3574.480000 8.021401e-16 2.756400e-17
3577.480000 7.912359e-16 2.729364e-17
3580.480000 7.997117e-16 2.377406e-17
3583.480000 7.975612e-16 2.378466e-17
3586.480000 7.802644e-16 2.603152e-17
3589.480000 7.964930e-16 2.545257e-17
3592.480000 8.040306e-16 2.306842e-17
3595.480000 7.991783e-16 2.424597e-17
3598.480000 8.007012e-16 2.625547e-17
3601.480000 8.030376e-16 2.524704e-17
3604.480000 7.973324e-16 2.282463e-17
3607.480000 8.024871e-16 2.413908e-17
3610.480000 7.940632e-16 2.530481e-17
3613.480000 7.956129e-16 2.338202e-17
3616.480000 7.977945e-16 2.209990e-17
3619.480000 7.655978e-16 2.404913e-17
3622.480000 7.468310e-16 2.472696e-17
3625.480000 7.590551e-16 2.294892e-17
3628.480000 7.767170e-16 2.244392e-17
3631.480000 7.699414e-16 2.493479e-17
3634.480000 7.763461e-16 2.532911e-17
3637.480000 7.788858e-16 2.270868e-17
3640.480000 7.894985e-16 2.262832e-17
3643.480000 7.950705e-16 2.582538e-17
3646.480000 8.026380e-16 2.556110e-17
3649.480000 7.896104e-16 2.214485e-17
3652.480000 7.782236e-16 2.244170e-17
3655.480000 8.043195e-16 2.543850e-17
3658.480000 8.261225e-16 2.503100e-17
3661.480000 7.910951e-16 2.223632e-17
3664.480000 7.758309e-16 2.306604e-17
3667.480000 7.800912e-16 2.518732e-17
3670.480000 7.830139e-16 2.474892e-17
3673.480000 8.304236e-16 2.167279e-17
3676.480000 8.603373e-16 2.309873e-17
3679.480000 8.393232e-16 2.419751e-17
3682.480000 8.347192e-16 2.250999e-17
3685.480000 8.688391e-16 2.120700e-17
3688.480000 8.743338e-16 2.316547e-17
3691.480000 8.415604e-16 2.401395e-17
3694.480000 8.270911e-16 2.198903e-17
3697.480000 8.257387e-16 2.111775e-17
3700.480000 8.428887e-16 2.386705e-17
3703.480000 8.722466e-16 2.475969e-17
3706.480000 8.574138e-16 2.186248e-17
3709.480000 8.483791e-16 2.146006e-17
3712.480000 8.555027e-16 2.436812e-17
3715.480000 8.645468e-16 2.462203e-17
3718.480000 8.607892e-16 2.137958e-17
3721.480000 8.576291e-16 2.116525e-17
3724.480000 8.294707e-16 2.352532e-17
3727.480000 8.327465e-16 2.337790e-17
3730.480000 8.430592e-16 2.089358e-17
3733.480000 8.433935e-16 2.145588e-17
3736.480000 8.302735e-16 2.328145e-17
3739.480000 8.305716e-16 2.249445e-17
3742.480000 8.459732e-16 2.076978e-17
3745.480000 8.666840e-16 2.195032e-17
3748.480000 8.566385e-16 2.314524e-17
3751.480000 8.541128e-16 2.178730e-17
3754.480000 8.486194e-16 2.046581e-17
3757.480000 8.569789e-16 2.230053e-17
3760.480000 8.520833e-16 2.323154e-17
3763.480000 8.282915e-16 2.122608e-17
3766.480000 8.263369e-16 2.019427e-17
3769.480000 8.537545e-16 2.272574e-17
3772.480000 8.668820e-16 2.350361e-17
3775.480000 8.524000e-16 2.118489e-17
3778.480000 8.314586e-16 2.064207e-17
3781.480000 8.506297e-16 2.361626e-17
3784.480000 8.694485e-16 2.382132e-17
3787.480000 8.625185e-16 2.070448e-17
3790.480000 8.310414e-16 2.031923e-17
3793.480000 8.295651e-16 2.268584e-17
3796.480000 8.455626e-16 2.229006e-17
3799.480000 8.345728e-16 1.956595e-17
3802.480000 8.387186e-16 2.033195e-17
3805.480000 8.609938e-16 2.260698e-17
3808.480000 8.479399e-16 2.164628e-17
3811.480000 8.564526e-16 1.955558e-17
3814.480000 8.481613e-16 2.039898e-17
3817.480000 8.486776e-16 2.168940e-17
3820.480000 8.450271e-16 2.029932e-17
3823.480000 8.422997e-16 1.856069e-17
3826.480000 8.191934e-16 1.971544e-17
3829.480000 8.256061e-16 2.080075e-17
3832.480000 8.194286e-16 1.971878e-17
3835.480000 8.027011e-16 1.851190e-17
3838.480000 8.374848e-16 2.013848e-17
3841.480000 7.912615e-16 2.038499e-17
3844.480000 7.881308e-16 1.864568e-17
3847.480000 8.072502e-16 1.839755e-17
3850.480000 8.158039e-16 2.075962e-17
3853.480000 7.789736e-16 2.065885e-17
3856.480000 7.609985e-16 1.799803e-17
3859.480000 7.609424e-16 1.789319e-17
3862.480000 7.539013e-16 2.026550e-17
3865.480000 7.558279e-16 2.021676e-17
3868.480000 7.407524e-16 1.772362e-17
3871.480000 7.587887e-16 1.821267e-17
3874.480000 7.724659e-16 2.024943e-17
3877.480000 7.615981e-16 1.964191e-17
3880.480000 7.658049e-16 1.770923e-17
3883.480000 7.695448e-16 1.867700e-17
3886.480000 7.735261e-16 2.028645e-17
3889.480000 7.676059e-16 1.929604e-17
3892.480000 7.252078e-16 1.753765e-17
3895.480000 7.198447e-16 1.902401e-17
3898.480000 7.329224e-16 2.012414e-17
3901.480000 7.190996e-16 1.851280e-17
3904.480000 7.273037e-16 1.740911e-17
3907.480000 7.301705e-16 1.921265e-17
3910.480000 7.410240e-16 2.000151e-17
3913.480000 7.390030e-16 1.821613e-17
3916.480000 7.324391e-16 1.745108e-17
3919.480000 7.404920e-16 1.939025e-17
3922.480000 7.443516e-16 1.939714e-17
3925.480000 7.392406e-16 1.709391e-17
3928.480000 7.386945e-16 1.675942e-17
3931.480000 7.119285e-16 1.860521e-17
3934.480000 6.748123e-16 1.802548e-17
3937.480000 6.751376e-16 1.568632e-17
3940.480000 6.820498e-16 1.645931e-17
3943.480000 6.877894e-16 1.863959e-17
3946.480000 6.867239e-16 1.832627e-17
3949.480000 6.817737e-16 1.662289e-17
3952.480000 6.683529e-16 1.741079e-17
3955.480000 6.557617e-16 1.877426e-17
3958.480000 6.501953e-16 1.774746e-17
3961.480000 6.535165e-16 1.602278e-17
3964.480000 6.635042e-16 1.689315e-17
3967.480000 6.750528e-16 1.768346e-17
3970.480000 6.372326e-16 1.612307e-17
3973.480000 6.000825e-16 1.509651e-17
3976.480000 6.065349e-16 1.713806e-17
3979.480000 6.450209e-16 1.841456e-17
3982.480000 6.423657e-16 1.697684e-17
3985.480000 6.334264e-16 1.634090e-17
3988.480000 6.137139e-16 1.834087e-17
3991.480000 6.152690e-16 1.877240e-17
3994.480000 6.103679e-16 1.691259e-17
3997.480000 6.060383e-16 1.702437e-17
4000.480000 6.166935e-16 1.977766e-17
4003.480000 6.047971e-16 1.986858e-17
4006.480000 5.960049e-16 1.731260e-17
4009.480000 5.925346e-16 1.750866e-17
4012.480000 5.804487e-16 1.936092e-17
4015.480000 5.864850e-16 1.874934e-17
4018.480000 5.786334e-16 1.639399e-17
4021.480000 5.661532e-16 1.672272e-17
4024.480000 5.770279e-16 1.810434e-17
4027.480000 5.783995e-16 1.709038e-17
4030.480000 5.742801e-16 1.539818e-17
4033.480000 5.624266e-16 1.620786e-17
4036.480000 5.634395e-16 1.723252e-17
4039.480000 5.729185e-16 1.622171e-17
4042.480000 5.664975e-16 1.509288e-17
4045.480000 5.494030e-16 1.623191e-17
4048.480000 5.665160e-16 1.693657e-17
4051.480000 5.722377e-16 1.587739e-17
4054.480000 5.767691e-16 1.527875e-17
4057.480000 5.866061e-16 1.675165e-17
4060.480000 5.925069e-16 1.711130e-17
4063.480000 5.930972e-16 1.534679e-17
4066.480000 5.706141e-16 1.495444e-17
4069.480000 5.792861e-16 1.710470e-17
4072.480000 5.638140e-16 1.707428e-17
4075.480000 5.701529e-16 1.497607e-17
4078.480000 5.697061e-16 1.515198e-17
4081.480000 5.892659e-16 1.720406e-17
4084.480000 5.786104e-16 1.690381e-17
4087.480000 5.460512e-16 1.490633e-17
4090.480000 5.626457e-16 1.570350e-17
4093.480000 5.702650e-16 1.730550e-17
4096.480000 5.854938e-16 1.663975e-17
4099.480000 5.780077e-16 1.495983e-17
4102.480000 5.586928e-16 1.576032e-17
4105.480000 5.733856e-16 1.712215e-17
4108.480000 5.831709e-16 1.639441e-17
4111.480000 5.776862e-16 1.541242e-17
4114.480000 5.858640e-16 1.690410e-17
4117.480000 6.214413e-16 1.795009e-17
4120.480000 6.156054e-16 1.636106e-17
4123.480000 6.121719e-16 1.543632e-17
4126.480000 5.960780e-16 1.686037e-17
4129.480000 6.098522e-16 1.723753e-17
4132.480000 6.068003e-16 1.539542e-17
4135.480000 5.941328e-16 1.491104e-17
4138.480000 6.027141e-16 1.705644e-17
4141.480000 6.298564e-16 1.728281e-17
4144.480000 6.197772e-16 1.500545e-17
4147.480000 6.006005e-16 1.484671e-17
4150.480000 6.107955e-16 1.675410e-17
4153.480000 6.122376e-16 1.650890e-17
4156.480000 6.135511e-16 1.463589e-17
4159.480000 6.231812e-16 1.514175e-17
4162.480000 6.220889e-16 1.666209e-17
4165.480000 6.112213e-16 1.606303e-17
4168.480000 5.851257e-16 1.498579e-17
4171.480000 6.045012e-16 1.554935e-17
4174.480000 5.914791e-16 1.618447e-17
4177.480000 5.901164e-16 1.530144e-17
4180.480000 5.906462e-16 1.412630e-17
4183.480000 5.725432e-16 1.509659e-17
4186.480000 5.814047e-16 1.595062e-17
4189.480000 6.064741e-16 1.492068e-17
4192.480000 5.907810e-16 1.407787e-17
4195.480000 6.034246e-16 1.571182e-17
4198.480000 5.864356e-16 1.590325e-17
4201.480000 5.863432e-16 1.433331e-17
4204.480000 5.845481e-16 1.396445e-17
4207.480000 5.814391e-16 1.589273e-17
4210.480000 6.016740e-16 1.615083e-17
4213.480000 6.038146e-16 1.435119e-17
4216.480000 5.770042e-16 1.406586e-17
4219.480000 5.682014e-16 1.573366e-17
4222.480000 5.809888e-16 1.564299e-17
4225.480000 6.034784e-16 1.388183e-17
4228.480000 5.938034e-16 1.411624e-17
4231.480000 5.864372e-16 1.564294e-17
4234.480000 5.765861e-16 1.522420e-17
4237.480000 5.600729e-16 1.355421e-17
4240.480000 5.496412e-16 1.417315e-17
4243.480000 5.506764e-16 1.535550e-17
4246.480000 5.837973e-16 1.481112e-17
4249.480000 5.546197e-16 1.341473e-17
4252.480000 5.464358e-16 1.444850e-17
4255.480000 5.351484e-16 1.516359e-17
4258.480000 5.577701e-16 1.425697e-17
4261.480000 5.471307e-16 1.334794e-17
4264.480000 5.475435e-16 1.478018e-17
4267.480000 5.521288e-16 1.528732e-17
4270.480000 5.583470e-16 1.381541e-17
4273.480000 5.665384e-16 1.331876e-17
4276.480000 5.423450e-16 1.487535e-17
4279.480000 5.720054e-16 1.547608e-17
4282.480000 5.497794e-16 1.356189e-17
4285.480000 5.482777e-16 1.335949e-17
4288.480000 5.398027e-16 1.500591e-17
4291.480000 5.396954e-16 1.493835e-17
4294.480000 5.414011e-16 1.310276e-17
4297.480000 5.522840e-16 1.334580e-17
4300.480000 5.532589e-16 1.465259e-17
4303.480000 5.369529e-16 1.406562e-17
4306.480000 5.407626e-16 1.266391e-17
4309.480000 5.376888e-16 1.325116e-17
4312.480000 5.464729e-16 1.455865e-17
4315.480000 5.371299e-16 1.406855e-17
4318.480000 5.257051e-16 1.303983e-17
4321.480000 5.248707e-16 1.401560e-17
4324.480000 5.249607e-16 1.469725e-17
4327.480000 5.279552e-16 1.368384e-17
4330.480000 5.351902e-16 1.297557e-17
4333.480000 5.605984e-16 1.455124e-17
4336.480000 5.506399e-16 1.493727e-17
4339.480000 5.590305e-16 1.353676e-17
4342.480000 5.499220e-16 1.289047e-17
4345.480000 5.259589e-16 1.440499e-17
4348.480000 5.159532e-16 1.480347e-17
4351.480000 5.119760e-16 1.315356e-17
4354.480000 5.098727e-16 1.293657e-17
4357.480000 4.977916e-16 1.469052e-17
4360.480000 5.144745e-16 1.481189e-17
4363.480000 5.197878e-16 1.303159e-17
4366.480000 5.243748e-16 1.330631e-17
4369.480000 5.210442e-16 1.478693e-17
4372.480000 4.982800e-16 1.426698e-17
4375.480000 4.971662e-16 1.267121e-17
4378.480000 5.020759e-16 1.323623e-17
4381.480000 5.129546e-16 1.447021e-17
4384.480000 5.181782e-16 1.375122e-17
4387.480000 4.980965e-16 1.237744e-17
4390.480000 5.014301e-16 1.341534e-17
4393.480000 4.953039e-16 1.431203e-17
4396.480000 4.774979e-16 1.331902e-17
4399.480000 4.800762e-16 1.252119e-17
4402.480000 4.693876e-16 1.358260e-17
4405.480000 4.715615e-16 1.418473e-17
4408.480000 4.756314e-16 1.304126e-17
4411.480000 4.874143e-16 1.265866e-17
4414.480000 4.937595e-16 1.422321e-17
4417.480000 4.640528e-16 1.431236e-17
4420.480000 4.598668e-16 1.282780e-17
4423.480000 4.707279e-16 1.270933e-17
4426.480000 4.876764e-16 1.464102e-17
4429.480000 4.923803e-16 1.466194e-17
4432.480000 4.915946e-16 1.279719e-17
4435.480000 4.892707e-16 1.286489e-17
4438.480000 4.637887e-16 1.419927e-17
4441.480000 4.437278e-16 1.388843e-17
4444.480000 4.560545e-16 1.242654e-17
4447.480000 4.638337e-16 1.295862e-17
4450.480000 4.753702e-16 1.426681e-17
4453.480000 4.646970e-16 1.359701e-17
4456.480000 4.588783e-16 1.222080e-17
4459.480000 4.737296e-16 1.302591e-17
4462.480000 4.934672e-16 1.405820e-17
4465.480000 4.822877e-16 1.327785e-17
4468.480000 4.785446e-16 1.237042e-17
4471.480000 4.827693e-16 1.352511e-17
4474.480000 4.850472e-16 1.421941e-17
4477.480000 4.767845e-16 1.301874e-17
4480.480000 4.972363e-16 1.250595e-17
4483.480000 4.944662e-16 1.390673e-17
4486.480000 4.954309e-16 1.431323e-17
4489.480000 4.995288e-16 1.294338e-17
4492.480000 4.977855e-16 1.261407e-17
4495.480000 4.851010e-16 1.420103e-17
4498.480000 4.828255e-16 1.426789e-17
4501.480000 5.010124e-16 1.275965e-17
4504.480000 5.037291e-16 1.291927e-17
4507.480000 5.221275e-16 1.464992e-17
4510.480000 5.158580e-16 1.433572e-17
4513.480000 5.222103e-16 1.289162e-17
4516.480000 5.032961e-16 1.316519e-17
4519.480000 5.036914e-16 1.427549e-17
4522.480000 5.166164e-16 1.386309e-17
4525.480000 5.245440e-16 1.258433e-17
4528.480000 5.306701e-16 1.325359e-17
4531.480000 5.157485e-16 1.409863e-17
4534.480000 5.220302e-16 1.344571e-17
4537.480000 5.214440e-16 1.258692e-17
4540.480000 5.035195e-16 1.366873e-17
4543.480000 5.148079e-16 1.449034e-17
4546.480000 5.287502e-16 1.350463e-17
4549.480000 5.279639e-16 1.259361e-17
4552.480000 5.008035e-16 1.377815e-17
4555.480000 4.991252e-16 1.413574e-17
4558.480000 4.796429e-16 1.267971e-17
4561.480000 4.767039e-16 1.235206e-17
4564.480000 4.891790e-16 1.408512e-17
4567.480000 4.993405e-16 1.422538e-17
4570.480000 4.777181e-16 1.247686e-17
4573.480000 4.622675e-16 1.260179e-17
4576.480000 4.584831e-16 1.404878e-17
4579.480000 5.792793e-16 1.468541e-17
4582.480000 5.067783e-16 1.242307e-17
4585.480000 4.801154e-16 1.256624e-17
4588.480000 4.601106e-16 1.387603e-17
4591.480000 4.422924e-16 1.348152e-17
4594.480000 4.479882e-16 1.217587e-17
4597.480000 4.550565e-16 1.271020e-17
4600.480000 4.850103e-16 1.385203e-17
4603.480000 4.372131e-16 1.282924e-17
4606.480000 4.341293e-16 1.182148e-17
4609.480000 4.243379e-16 1.271291e-17
4612.480000 4.525286e-16 1.367110e-17
4615.480000 4.287736e-16 1.244626e-17
4618.480000 4.372079e-16 1.180695e-17
4621.480000 4.166756e-16 1.292710e-17
4624.480000 4.265579e-16 1.347904e-17
4627.480000 4.335029e-16 1.223405e-17
4630.480000 4.313276e-16 1.181038e-17
4633.480000 4.188736e-16 1.321468e-17
4636.480000 3.883918e-16 1.318755e-17
4639.480000 4.139043e-16 1.188556e-17
4642.480000 4.099486e-16 1.183948e-17
4645.480000 4.115883e-16 1.359209e-17
4648.480000 4.009678e-16 1.327804e-17
4651.480000 4.074917e-16 1.161594e-17
4654.480000 3.985758e-16 1.181331e-17
4657.480000 3.877584e-16 1.306458e-17
4660.480000 3.846549e-16 1.277685e-17
4663.480000 3.831343e-16 1.145695e-17
4666.480000 3.857755e-16 1.193681e-17
4669.480000 3.851023e-16 1.286366e-17
4672.480000 3.909163e-16 1.240039e-17
4675.480000 3.877371e-16 1.137805e-17
4678.480000 3.916579e-16 1.222451e-17
4681.480000 3.926583e-16 1.294226e-17
4684.480000 4.079101e-16 1.219547e-17
4687.480000 3.906255e-16 1.134586e-17
4690.480000 3.675568e-16 1.234615e-17
4693.480000 3.827295e-16 1.293788e-17
4696.480000 3.801269e-16 1.180401e-17
4699.480000 3.648915e-16 1.122716e-17
4702.480000 3.748191e-16 1.263996e-17
4705.480000 3.714245e-16 1.285081e-17
4708.480000 3.752914e-16 1.162296e-17
4711.480000 3.721016e-16 1.156393e-17
4714.480000 3.732467e-16 1.312767e-17
4717.480000 3.708822e-16 1.305418e-17
4720.480000 3.699815e-16 1.137091e-17
4723.480000 3.859655e-16 1.167409e-17
4726.480000 3.828781e-16 1.295177e-17
4729.480000 3.680380e-16 1.248097e-17
4732.480000 3.746711e-16 1.121177e-17
4735.480000 3.716883e-16 1.166529e-17
4738.480000 3.741058e-16 1.277548e-17
4741.480000 3.839868e-16 1.229963e-17
4744.480000 3.849230e-16 1.127189e-17
4747.480000 3.905450e-16 1.210992e-17
4750.480000 3.951429e-16 1.290546e-17
4753.480000 3.885570e-16 1.208183e-17
4756.480000 3.866229e-16 1.131164e-17
4759.480000 3.988798e-16 1.244492e-17
4762.480000 4.135779e-16 1.305515e-17
4765.480000 3.998818e-16 1.185629e-17
4768.480000 3.945331e-16 1.132422e-17
4771.480000 4.073524e-16 1.277532e-17
4774.480000 3.859110e-16 1.290481e-17
4777.480000 3.957786e-16 1.163235e-17
4780.480000 4.124000e-16 1.159274e-17
4783.480000 4.169815e-16 1.320399e-17
4786.480000 3.949824e-16 1.306858e-17
4789.480000 3.886466e-16 1.139351e-17
4792.480000 3.904141e-16 1.155592e-17
4795.480000 3.974797e-16 1.307471e-17
4798.480000 3.925278e-16 1.282946e-17
4801.480000 3.984450e-16 1.143080e-17
4804.480000 3.995043e-16 1.184131e-17
4807.480000 4.011975e-16 1.296107e-17
4810.480000 4.041520e-16 1.249323e-17
4813.480000 4.012916e-16 1.135146e-17
4816.480000 3.977674e-16 1.209786e-17
4819.480000 4.010357e-16 1.301596e-17
4822.480000 3.990683e-16 1.227311e-17
4825.480000 3.958695e-16 1.138945e-17
4828.480000 4.045171e-16 1.243521e-17
4831.480000 4.108955e-16 1.305244e-17
4834.480000 4.253814e-16 1.212330e-17
4837.480000 4.314124e-16 1.161440e-17
4840.480000 4.354903e-16 1.292795e-17
4843.480000 4.308036e-16 1.329633e-17
4846.480000 4.238599e-16 1.193978e-17
4849.480000 4.037648e-16 1.181440e-17
4852.480000 4.043535e-16 1.350082e-17
4855.480000 4.310026e-16 1.338600e-17
4858.480000 4.098295e-16 1.155355e-17
4861.480000 4.106736e-16 1.153745e-17
4864.480000 4.186345e-16 1.290442e-17
4867.480000 4.096482e-16 1.278319e-17
4870.480000 4.001860e-16 1.130807e-17
4873.480000 3.836863e-16 1.156279e-17
4876.480000 3.752718e-16 1.272628e-17
4879.480000 4.128355e-16 1.262130e-17
4882.480000 4.188872e-16 1.147857e-17
4885.480000 4.150409e-16 1.218087e-17
4888.480000 4.073429e-16 1.301382e-17
4891.480000 3.778487e-16 1.206320e-17
4894.480000 3.927350e-16 1.133088e-17
4897.480000 4.035658e-16 1.246354e-17
4900.480000 3.950148e-16 1.307606e-17
4903.480000 3.910152e-16 1.207330e-17
4906.480000 3.832296e-16 1.141913e-17
4909.480000 3.945169e-16 1.270412e-17
4912.480000 3.874455e-16 1.303730e-17
4915.480000 3.797677e-16 1.177655e-17
4918.480000 3.757839e-16 1.144446e-17
4921.480000 3.570006e-16 1.274713e-17
4924.480000 3.880019e-16 1.319073e-17
4927.480000 3.686655e-16 1.166915e-17
4930.480000 3.600564e-16 1.167039e-17
4933.480000 3.605459e-16 1.322849e-17
4936.480000 3.583517e-16 1.308983e-17
4939.480000 3.555719e-16 1.160834e-17
4942.480000 3.638817e-16 1.203618e-17
4945.480000 3.601410e-16 1.335293e-17
4948.480000 3.681134e-16 1.312255e-17
4951.480000 3.564225e-16 1.183815e-17
4954.480000 3.408896e-16 1.242320e-17
4957.480000 3.565820e-16 1.354677e-17
4960.480000 3.496378e-16 1.284787e-17
4963.480000 3.396309e-16 1.191295e-17
4966.480000 3.637298e-16 1.320948e-17
4969.480000 3.563575e-16 1.393596e-17
4972.480000 3.439919e-16 1.302178e-17
4975.480000 3.310221e-16 1.227173e-17
4978.480000 3.375191e-16 1.366484e-17
4981.480000 3.355976e-16 1.418003e-17
4984.480000 3.426055e-16 1.303684e-17
4987.480000 3.579998e-16 1.288560e-17
4990.480000 3.497381e-16 1.466769e-17
4993.480000 3.449641e-16 1.508098e-17
4996.480000 3.276448e-16 1.339470e-17
4999.480000 3.149625e-16 1.338451e-17
5002.480000 3.249979e-16 1.540534e-17
5005.480000 3.436305e-16 1.551161e-17
5008.480000 3.399200e-16 1.384028e-17
5011.480000 3.323166e-16 1.419982e-17
5014.480000 3.432094e-16 1.601671e-17
5017.480000 3.460765e-16 1.575852e-17
5020.480000 3.475074e-16 1.441295e-17
5023.480000 3.442222e-16 1.530261e-17
5026.480000 3.396483e-16 1.671829e-17
5029.480000 3.430184e-16 1.620101e-17
5032.480000 3.351845e-16 1.502700e-17
5035.480000 3.331992e-16 1.629785e-17
5038.480000 3.345433e-16 1.744717e-17
5041.480000 3.134626e-16 1.629096e-17
5044.480000 3.082010e-16 1.554603e-17
5047.480000 3.423474e-16 1.773189e-17
5050.480000 3.435080e-16 1.850457e-17
5053.480000 3.384264e-16 1.663933e-17
5056.480000 3.283745e-16 1.612989e-17
5059.480000 3.414210e-16 1.839562e-17
5062.480000 3.319040e-16 1.861025e-17
5065.480000 3.489325e-16 1.662109e-17
5068.480000 3.619405e-16 1.653954e-17
5071.480000 3.328704e-16 nan
5074.480000 3.339194e-16 nan
5077.480000 3.649900e-16 nan
5080.480000 3.662919e-16 nan
5083.480000 3.445794e-16 nan
5086.480000 3.557407e-16 nan
5089.480000 3.640152e-16 nan
5092.480000 3.404834e-16 nan
5095.480000 3.257234e-16 nan
5098.480000 3.193131e-16 nan
5101.480000 3.407916e-16 nan
5104.480000 3.663936e-16 nan
5107.480000 3.480943e-16 nan
5110.480000 3.431912e-16 nan
5113.480000 3.598470e-16 nan
5116.480000 3.637996e-16 nan
5119.480000 4.120086e-16 nan
5122.480000 3.948507e-16 nan
5125.480000 3.825802e-16 nan
5128.480000 4.420336e-16 nan
5131.480000 4.940548e-16 nan
5134.480000 4.605705e-16 nan
5137.480000 4.297825e-16 nan
5140.480000 4.444278e-16 nan
5143.480000 4.317380e-16 nan
5146.480000 4.140254e-16 nan
5149.480000 4.018141e-16 nan
5152.480000 3.934655e-16 nan
5155.480000 3.834357e-16 nan
5158.480000 4.160802e-16 nan
5161.480000 4.439935e-16 nan
5164.480000 4.374821e-16 nan
5167.480000 4.489440e-16 nan
5170.480000 4.637166e-16 2.359866e-17
5173.480000 4.475182e-16 2.298760e-17
5176.480000 4.044273e-16 2.222314e-17
5179.480000 4.012526e-16 2.212962e-17
5182.480000 4.452444e-16 2.221135e-17
5185.480000 4.588843e-16 2.207136e-17
5188.480000 4.494163e-16 2.179998e-17
5191.480000 4.306855e-16 2.158743e-17
5194.480000 4.190323e-16 2.139578e-17
5197.480000 4.206550e-16 2.152481e-17
5200.480000 4.296743e-16 2.174809e-17
5203.480000 4.267800e-16 2.192212e-17
5206.480000 4.222016e-16 2.208404e-17
5209.480000 4.371430e-16 2.258178e-17
5212.480000 4.353352e-16 2.264403e-17
5215.480000 4.114538e-16 2.188669e-17
5218.480000 4.386431e-16 2.167226e-17
5221.480000 4.430667e-16 2.122297e-17
5224.480000 4.359352e-16 2.057907e-17
5227.480000 4.426889e-16 2.024580e-17
5230.480000 4.225340e-16 1.951799e-17
5233.480000 4.084422e-16 1.884579e-17
5236.480000 4.402040e-16 1.876104e-17
5239.480000 4.181653e-16 1.820615e-17
5242.480000 4.174528e-16 1.784985e-17
5245.480000 4.119784e-16 1.746863e-17
5248.480000 4.365906e-16 1.742156e-17
5251.480000 4.438431e-16 1.719961e-17
5254.480000 4.563646e-16 1.676583e-17
5257.480000 4.293051e-16 1.625555e-17
5260.480000 4.193699e-16 1.586017e-17
5263.480000 4.112031e-16 1.552796e-17
5266.480000 4.037693e-16 1.516412e-17
5269.480000 4.045420e-16 1.498104e-17
5272.480000 4.004855e-16 1.485795e-17
5275.480000 4.157415e-16 1.492527e-17
5278.480000 4.379979e-16 1.504807e-17
5281.480000 4.245232e-16 1.491775e-17
5284.480000 4.091135e-16 1.477415e-17
5287.480000 4.105319e-16 1.478729e-17
5290.480000 4.031547e-16 1.477697e-17
5293.480000 4.003077e-16 1.476632e-17
5296.480000 4.082900e-16 1.481410e-17
5299.480000 3.875425e-16 1.469655e-17
5302.480000 3.867130e-16 1.488142e-17
5305.480000 3.893504e-16 1.504755e-17
5308.480000 3.743371e-16 1.508814e-17
5311.480000 3.800310e-16 1.537588e-17
5314.480000 3.856672e-16 1.553592e-17
5317.480000 3.823961e-16 1.572039e-17
5320.480000 3.858319e-16 1.595306e-17
5323.480000 3.908699e-16 1.634133e-17
5326.480000 3.683295e-16 1.623830e-17
5329.480000 3.678208e-16 1.649397e-17
5332.480000 3.657118e-16 1.672436e-17
5335.480000 3.704685e-16 1.699738e-17
5338.480000 3.590343e-16 1.677766e-17
5341.480000 3.742311e-16 1.652722e-17
5344.480000 3.614491e-16 1.599830e-17
5347.480000 3.678791e-16 1.554612e-17
5350.480000 3.709592e-16 1.511337e-17
5353.480000 3.790169e-16 1.474072e-17
5356.480000 3.766018e-16 1.434534e-17
5359.480000 3.851688e-16 1.413843e-17
5362.480000 3.693792e-16 1.357767e-17
5365.480000 3.670986e-16 1.313572e-17
5368.480000 3.773111e-16 1.310863e-17
5371.480000 3.715630e-16 1.273970e-17
5374.480000 3.570406e-16 1.239300e-17
5377.480000 3.575854e-16 1.213178e-17
5380.480000 3.692053e-16 1.196650e-17
5383.480000 3.717062e-16 1.161965e-17
5386.480000 3.623196e-16 1.133416e-17
5389.480000 3.707472e-16 1.122194e-17
5392.480000 3.674790e-16 1.105087e-17
5395.480000 3.625369e-16 1.091560e-17
5398.480000 3.580799e-16 1.081040e-17
5401.480000 3.527369e-16 1.069123e-17
5404.480000 3.557491e-16 1.066437e-17
5407.480000 3.474547e-16 1.055817e-17
5410.480000 3.595185e-16 1.067169e-17
5413.480000 3.791942e-16 1.085322e-17
5416.480000 3.723743e-16 1.087927e-17
5419.480000 3.616751e-16 1.090130e-17
5422.480000 3.502993e-16 1.087395e-17
5425.480000 3.393034e-16 1.093423e-17
5428.480000 3.609882e-16 1.126997e-17
5431.480000 3.753491e-16 1.151100e-17
5434.480000 3.511841e-16 1.144543e-17
5437.480000 3.473780e-16 1.166333e-17
5440.480000 3.512745e-16 1.188680e-17
5443.480000 3.626262e-16 1.216091e-17
5446.480000 3.522069e-16 1.227035e-17
5449.480000 3.385456e-16 1.236789e-17
5452.480000 3.446031e-16 1.268776e-17
5455.480000 3.373348e-16 1.282975e-17
5458.480000 3.397631e-16 1.311869e-17
5461.480000 3.450731e-16 1.346530e-17
5464.480000 3.429270e-16 1.343307e-17
5467.480000 3.518542e-16 1.318313e-17
5470.480000 3.517799e-16 1.280547e-17
5473.480000 3.467188e-16 1.236982e-17
5476.480000 3.506385e-16 1.204654e-17
5479.480000 3.409226e-16 1.166879e-17
5482.480000 3.423561e-16 1.148317e-17
5485.480000 3.420097e-16 1.120101e-17
5488.480000 3.427715e-16 1.093982e-17
5491.480000 3.454122e-16 1.071604e-17
5494.480000 3.505412e-16 1.053506e-17
5497.480000 3.462978e-16 1.029938e-17
5500.480000 3.410558e-16 1.006572e-17
5503.480000 3.415188e-16 9.837231e-18
5506.480000 3.446935e-16 9.716112e-18
5509.480000 3.385478e-16 9.551605e-18
5512.480000 3.252918e-16 9.337857e-18
5515.480000 3.208495e-16 9.188284e-18
5518.480000 3.267744e-16 9.157135e-18
5521.480000 3.274848e-16 9.099282e-18
5524.480000 3.153138e-16 9.006185e-18
5527.480000 3.175533e-16 9.034827e-18
5530.480000 3.220137e-16 9.012897e-18
5533.480000 3.127127e-16 8.994952e-18
5536.480000 3.123754e-16 9.018400e-18
5539.480000 3.218590e-16 9.131482e-18
5542.480000 3.218626e-16 9.156423e-18
5545.480000 3.164359e-16 9.213884e-18
5548.480000 3.145097e-16 9.328774e-18
5551.480000 3.147619e-16 9.402704e-18
5554.480000 3.105627e-16 9.486239e-18
5557.480000 3.036004e-16 9.587095e-18
5560.480000 3.104907e-16 9.842474e-18
5563.480000 3.103305e-16 1.011177e-17
5566.480000 2.972071e-16 1.066240e-17
5569.480000 2.870964e-16 1.226889e-17
5572.480000 2.930032e-16 1.573873e-17
5575.480000 3.773891e-16 1.981702e-17
5578.480000 4.085181e-16 2.087330e-17
5581.480000 3.159150e-16 1.794736e-17
5584.480000 2.756590e-16 1.415086e-17
5587.480000 3.043328e-16 1.246737e-17
5590.480000 3.086504e-16 1.180130e-17
5593.480000 3.164031e-16 1.140562e-17
5596.480000 3.066562e-16 1.101523e-17
5599.480000 2.869424e-16 1.050734e-17
5602.480000 2.958677e-16 1.033761e-17
5605.480000 3.090033e-16 1.021878e-17
5608.480000 3.024271e-16 9.924621e-18
5611.480000 3.057004e-16 9.658335e-18
5614.480000 3.096947e-16 9.497033e-18
5617.480000 2.950199e-16 9.099553e-18
5620.480000 3.015643e-16 8.968346e-18
5623.480000 3.019197e-16 8.785050e-18
5626.480000 3.002521e-16 8.630143e-18
5629.480000 3.018198e-16 8.495301e-18
5632.480000 2.976514e-16 8.334417e-18
5635.480000 2.940142e-16 8.194293e-18
5638.480000 2.858029e-16 8.030045e-18
5641.480000 2.921724e-16 7.976977e-18
5644.480000 3.093272e-16 8.026200e-18
5647.480000 3.138995e-16 8.006783e-18
5650.480000 3.033539e-16 7.893390e-18
5653.480000 3.008524e-16 7.819503e-18
5656.480000 3.000806e-16 7.802928e-18
5659.480000 2.927519e-16 7.751673e-18
5662.480000 2.890553e-16 7.771260e-18
5665.480000 2.920922e-16 7.870976e-18
5668.480000 2.985172e-16 7.980035e-18
5671.480000 3.031792e-16 8.096700e-18
5674.480000 2.964183e-16 8.152945e-18
5677.480000 2.985668e-16 8.250856e-18
5680.480000 3.015772e-16 8.361411e-18
5683.480000 2.894981e-16 8.389390e-18
5686.480000 2.815712e-16 8.469410e-18
5689.480000 2.894202e-16 8.667966e-18
5692.480000 3.062391e-16 8.976596e-18
5695.480000 3.067394e-16 9.109980e-18
5698.480000 3.016438e-16 9.268608e-18
5701.480000 3.001693e-16 9.437673e-18
5704.480000 3.132786e-16 9.736259e-18
5707.480000 2.935035e-16 9.740853e-18
5710.480000 2.943424e-16 9.945648e-18
5713.480000 2.831399e-16 1.001134e-17
5716.480000 2.904846e-16 1.001619e-17
5719.480000 2.965304e-16 9.823501e-18
5722.480000 2.898066e-16 9.586148e-18
5725.480000 3.054464e-16 9.467953e-18
5728.480000 3.025428e-16 9.199009e-18
5731.480000 2.909645e-16 8.888487e-18
5734.480000 2.817757e-16 8.703259e-18
5737.480000 2.835994e-16 8.507867e-18
5740.480000 2.883313e-16 8.359090e-18
5743.480000 2.885317e-16 8.143034e-18
5746.480000 2.889038e-16 7.951293e-18
5749.480000 2.804527e-16 7.755295e-18
5752.480000 2.812458e-16 7.658436e-18
5755.480000 2.776558e-16 7.455566e-18
5758.480000 2.785933e-16 7.244947e-18
5761.480000 2.796698e-16 7.157850e-18
5764.480000 2.832609e-16 7.091277e-18
5767.480000 2.765803e-16 6.992437e-18
5770.480000 2.666894e-16 6.868480e-18
5773.480000 2.672545e-16 6.812982e-18
5776.480000 2.686425e-16 6.782542e-18
5779.480000 2.755952e-16 6.799242e-18
5782.480000 2.768219e-16 6.808683e-18
5785.480000 2.766565e-16 6.851497e-18
5788.480000 2.830284e-16 6.934887e-18
5791.480000 2.806043e-16 6.977080e-18
5794.480000 2.797463e-16 7.035362e-18
5797.480000 2.759677e-16 7.074364e-18
5800.480000 2.766103e-16 7.203738e-18
5803.480000 2.795988e-16 7.333102e-18
5806.480000 2.816564e-16 7.440349e-18
5809.480000 2.727693e-16 7.480808e-18
5812.480000 2.646084e-16 7.551739e-18
5815.480000 2.719556e-16 7.766366e-18
5818.480000 2.809822e-16 7.985287e-18
5821.480000 2.782319e-16 8.122467e-18
5824.480000 2.743845e-16 8.263913e-18
5827.480000 2.629851e-16 8.335895e-18
5830.480000 2.662707e-16 8.562136e-18
5833.480000 2.685500e-16 8.760843e-18
5836.480000 2.693920e-16 8.950714e-18
5839.480000 2.672660e-16 9.064592e-18
5842.480000 2.590056e-16 8.889861e-18
5845.480000 2.588469e-16 8.683589e-18
5848.480000 2.602169e-16 8.479944e-18
5851.480000 2.599724e-16 8.250423e-18
5854.480000 2.741587e-16 8.166941e-18
5857.480000 2.647811e-16 7.903430e-18
5860.480000 2.636054e-16 7.715314e-18
5863.480000 2.606446e-16 7.556013e-18
5866.480000 2.637021e-16 7.461289e-18
5869.480000 2.693584e-16 7.364561e-18
5872.480000 2.635247e-16 7.147893e-18
5875.480000 2.549005e-16 6.955236e-18
5878.480000 2.485707e-16 6.750560e-18
5881.480000 2.520469e-16 6.758713e-18
5884.480000 2.531459e-16 6.828032e-18
5887.480000 2.610380e-16 7.041939e-18
5890.480000 2.610941e-16 7.150002e-18
5893.480000 2.595821e-16 7.078490e-18
5896.480000 2.561577e-16 6.841322e-18
5899.480000 2.534799e-16 6.581172e-18
5902.480000 2.503367e-16 6.382348e-18
5905.480000 2.503418e-16 6.296333e-18
5908.480000 2.507001e-16 6.272563e-18
5911.480000 2.507742e-16 6.299977e-18
5914.480000 2.538305e-16 6.348745e-18
5917.480000 2.536977e-16 6.397159e-18
5920.480000 2.424003e-16 6.377451e-18
5923.480000 2.479911e-16 6.503132e-18
5926.480000 2.564194e-16 6.617377e-18
5929.480000 2.580899e-16 6.731798e-18
5932.480000 2.500268e-16 6.769299e-18
5935.480000 2.361855e-16 6.806658e-18
5938.480000 2.495082e-16 7.042483e-18
5941.480000 2.577414e-16 7.194743e-18
5944.480000 2.675939e-16 7.419495e-18
5947.480000 2.615085e-16 7.524123e-18
5950.480000 2.540637e-16 7.625042e-18
5953.480000 2.624221e-16 7.850291e-18
5956.480000 2.460312e-16 7.898309e-18
5959.480000 2.425892e-16 8.031849e-18
5962.480000 2.294675e-16 8.094650e-18
5965.480000 2.443540e-16 8.313133e-18
5968.480000 2.428771e-16 8.210843e-18
5971.480000 2.459520e-16 8.023034e-18
5974.480000 2.392728e-16 7.768560e-18
5977.480000 2.442429e-16 7.601579e-18
5980.480000 2.369741e-16 7.334071e-18
5983.480000 2.495126e-16 7.246536e-18
5986.480000 2.516925e-16 7.098060e-18
5989.480000 2.435682e-16 6.915521e-18
5992.480000 2.355988e-16 6.669280e-18
5995.480000 2.435503e-16 6.559001e-18
5998.480000 2.492045e-16 6.487283e-18
6001.480000 2.380366e-16 6.299489e-18
6004.480000 2.319015e-16 6.150902e-18
6007.480000 2.388325e-16 6.078559e-18
6010.480000 2.443576e-16 6.013707e-18
6013.480000 2.370392e-16 5.888818e-18
6016.480000 2.346357e-16 5.815547e-18
6019.480000 2.352311e-16 5.772470e-18
6022.480000 2.393711e-16 5.750325e-18
6025.480000 2.445627e-16 5.756617e-18
6028.480000 2.376027e-16 5.703817e-18
6031.480000 2.359625e-16 5.695101e-18
6034.480000 2.342268e-16 5.687475e-18
6037.480000 2.322749e-16 5.720623e-18
6040.480000 2.340963e-16 5.738938e-18
6043.480000 2.307021e-16 5.749977e-18
6046.480000 2.337551e-16 5.831272e-18
6049.480000 2.371715e-16 5.906433e-18
6052.480000 2.290202e-16 5.905505e-18
6055.480000 2.294583e-16 6.019861e-18
6058.480000 2.303138e-16 6.126680e-18
6061.480000 2.285462e-16 6.225294e-18
6064.480000 2.244967e-16 6.299788e-18
6067.480000 2.124059e-16 6.320247e-18
6070.480000 2.124706e-16 6.468814e-18
6073.480000 2.160768e-16 6.603676e-18
6076.480000 2.185660e-16 6.740321e-18
6079.480000 2.175217e-16 6.875515e-18
6082.480000 2.165541e-16 7.035178e-18
6085.480000 2.148696e-16 7.186403e-18
6088.480000 2.210582e-16 7.389397e-18
6091.480000 2.236130e-16 7.462657e-18
6094.480000 2.246358e-16 7.347611e-18
6097.480000 2.204540e-16 7.115013e-18
6100.480000 2.178734e-16 6.904593e-18
6103.480000 2.192413e-16 6.767796e-18
6106.480000 2.159546e-16 6.575930e-18
6109.480000 2.205364e-16 6.478665e-18
6112.480000 2.176592e-16 6.310203e-18
6115.480000 2.202282e-16 6.213021e-18
6118.480000 2.133728e-16 6.010546e-18
6121.480000 2.118471e-16 5.850811e-18
6124.480000 2.128860e-16 5.742062e-18
6127.480000 2.090712e-16 5.620285e-18
6130.480000 2.085963e-16 5.535869e-18
6133.480000 2.087699e-16 5.428991e-18
6136.480000 2.161959e-16 5.405431e-18
6139.480000 2.101210e-16 5.320958e-18
6142.480000 2.098837e-16 5.264784e-18
6145.480000 2.223520e-16 5.301364e-18
6148.480000 2.219909e-16 5.267766e-18
6151.480000 2.153834e-16 5.184689e-18
6154.480000 2.160181e-16 5.170822e-18
6157.480000 2.163933e-16 5.170304e-18
6160.480000 2.104961e-16 5.142008e-18
6163.480000 2.099767e-16 5.152694e-18
6166.480000 2.085754e-16 5.191401e-18
6169.480000 2.128193e-16 5.297394e-18
6172.480000 2.173149e-16 5.370665e-18
6175.480000 2.167127e-16 5.430161e-18
6178.480000 2.167585e-16 5.500686e-18
6181.480000 2.168581e-16 5.580734e-18
6184.480000 2.182028e-16 5.684014e-18
6187.480000 2.131019e-16 5.749515e-18
6190.480000 2.096731e-16 5.826162e-18
6193.480000 2.092654e-16 5.962846e-18
6196.480000 2.126649e-16 6.112316e-18
6199.480000 2.160177e-16 6.241665e-18
6202.480000 2.051258e-16 6.284352e-18
6205.480000 1.986817e-16 6.389386e-18
6208.480000 2.010632e-16 6.531013e-18
6211.480000 2.061925e-16 6.715497e-18
6214.480000 2.048080e-16 6.843791e-18
6217.480000 2.100822e-16 6.901242e-18
6220.480000 2.168379e-16 6.824035e-18
6223.480000 2.143632e-16 6.654791e-18
6226.480000 2.092451e-16 6.451486e-18
6229.480000 2.104079e-16 6.338061e-18
6232.480000 2.062956e-16 6.193818e-18
6235.480000 2.086794e-16 6.122412e-18
6238.480000 2.096885e-16 6.010767e-18
6241.480000 2.111276e-16 5.838580e-18
6244.480000 2.101904e-16 5.653689e-18
6247.480000 2.187676e-16 5.573521e-18
6250.480000 2.165655e-16 5.425002e-18
6253.480000 2.159753e-16 5.367812e-18
6256.480000 2.106997e-16 5.261523e-18
6259.480000 2.072973e-16 5.172434e-18
6262.480000 2.049141e-16 5.089957e-18
6265.480000 2.040079e-16 5.001971e-18
6268.480000 2.060321e-16 4.951558e-18
6271.480000 2.051383e-16 4.885168e-18
6274.480000 2.063504e-16 4.851747e-18
6277.480000 2.066608e-16 4.831160e-18
6280.480000 2.026352e-16 4.827951e-18
6283.480000 2.046852e-16 4.877318e-18
6286.480000 2.043960e-16 4.907264e-18
6289.480000 2.004639e-16 4.913881e-18
6292.480000 2.014948e-16 5.080344e-18
6295.480000 2.055812e-16 5.460965e-18
6298.480000 2.120657e-16 5.886837e-18
6301.480000 2.104534e-16 5.965336e-18
6304.480000 2.107638e-16 5.742005e-18
6307.480000 2.069853e-16 5.468635e-18
6310.480000 2.067737e-16 5.371958e-18
6313.480000 2.090948e-16 5.381232e-18
6316.480000 2.068976e-16 5.452150e-18
6319.480000 1.969150e-16 5.475893e-18
6322.480000 1.995794e-16 5.641342e-18
6325.480000 1.957563e-16 5.756933e-18
6328.480000 2.001583e-16 5.961351e-18
6331.480000 1.982822e-16 6.035316e-18
6334.480000 1.933286e-16 6.087108e-18
6337.480000 1.932581e-16 6.179033e-18
6340.480000 2.048059e-16 6.425353e-18
6343.480000 2.030441e-16 6.419386e-18
6346.480000 2.143792e-16 6.379155e-18
6349.480000 2.047834e-16 6.169629e-18
6352.480000 1.998542e-16 6.014323e-18
6355.480000 1.982095e-16 5.894320e-18
6358.480000 1.942762e-16 5.832608e-18
6361.480000 2.029707e-16 5.896992e-18
6364.480000 2.031860e-16 5.832208e-18
6367.480000 1.972934e-16 5.558067e-18
6370.480000 1.988003e-16 5.316734e-18
6373.480000 1.948954e-16 5.093738e-18
6376.480000 1.910267e-16 4.949199e-18
6379.480000 1.885181e-16 4.854395e-18
6382.480000 1.877021e-16 4.771321e-18
6385.480000 1.989523e-16 4.771316e-18
6388.480000 2.008109e-16 4.717962e-18
6391.480000 1.941664e-16 4.604659e-18
6394.480000 1.931582e-16 4.543553e-18
6397.480000 1.941185e-16 4.515373e-18
6400.480000 1.942125e-16 4.490598e-18
6403.480000 1.927604e-16 4.478101e-18
6406.480000 1.942603e-16 4.513548e-18
6409.480000 1.959127e-16 4.594007e-18
6412.480000 1.930120e-16 4.619472e-18
6415.480000 1.938537e-16 4.638182e-18
6418.480000 2.066754e-16 4.670728e-18
6421.480000 2.089322e-16 4.671353e-18
6424.480000 2.182384e-16 4.731020e-18
6427.480000 1.993808e-16 4.715257e-18
6430.480000 1.882914e-16 4.776831e-18
6433.480000 1.918736e-16 4.876069e-18
6436.480000 1.908349e-16 4.935298e-18
6439.480000 1.943136e-16 5.069980e-18
6442.480000 1.968208e-16 5.214995e-18
6445.480000 1.974313e-16 5.426232e-18
6448.480000 1.955937e-16 5.961047e-18
6451.480000 1.860908e-16 5.562257e-18
6454.480000 1.816669e-16 5.574393e-18
6457.480000 2.139149e-16 5.860900e-18
6460.480000 1.983319e-16 5.985175e-18
6463.480000 1.916598e-16 6.100023e-18
6466.480000 1.863196e-16 6.230088e-18
6469.480000 1.880571e-16 6.214427e-18
6472.480000 1.882088e-16 6.046865e-18
6475.480000 1.945002e-16 5.796334e-18
6478.480000 1.902407e-16 5.592815e-18
6481.480000 1.854516e-16 5.405112e-18
6484.480000 1.835918e-16 5.264259e-18
6487.480000 1.835384e-16 5.148611e-18
6490.480000 1.855349e-16 5.052591e-18
6493.480000 1.841843e-16 4.936179e-18
6496.480000 1.891780e-16 4.883310e-18
6499.480000 1.925017e-16 4.847851e-18
6502.480000 1.806785e-16 4.789147e-18
6505.480000 1.832650e-16 4.723766e-18
6508.480000 1.788554e-16 4.618931e-18
6511.480000 1.793168e-16 4.493808e-18
6514.480000 1.845658e-16 4.371103e-18
6517.480000 1.847066e-16 4.326278e-18
6520.480000 1.877630e-16 4.314035e-18
6523.480000 1.880868e-16 4.298130e-18
6526.480000 1.818680e-16 4.234633e-18
6529.480000 1.792120e-16 4.217124e-18
6532.480000 1.828184e-16 4.258694e-18
6535.480000 1.856388e-16 4.285193e-18
6538.480000 1.842760e-16 4.277838e-18
6541.480000 1.790716e-16 4.255056e-18
6544.480000 1.778365e-16 4.284591e-18
6547.480000 1.809023e-16 4.353768e-18
6550.480000 1.829295e-16 4.425974e-18
6553.480000 1.867917e-16 4.507737e-18
6556.480000 1.834344e-16 4.542767e-18
6559.480000 1.844205e-16 4.654086e-18
6562.480000 1.836655e-16 4.743243e-18
6565.480000 1.846017e-16 4.805478e-18
6568.480000 1.854741e-16 4.862595e-18
6571.480000 1.769575e-16 4.883024e-18
6574.480000 1.750645e-16 5.010686e-18
6577.480000 1.725751e-16 5.109830e-18
6580.480000 1.737840e-16 5.195182e-18
6583.480000 1.741786e-16 5.286368e-18
6586.480000 1.819910e-16 5.431660e-18
6589.480000 1.696597e-16 5.559509e-18
6592.480000 1.710750e-16 5.679094e-18
6595.480000 1.729020e-16 5.660945e-18
6598.480000 1.755651e-16 5.564522e-18
6601.480000 1.725659e-16 5.341596e-18
6604.480000 1.737237e-16 5.221541e-18
6607.480000 1.764716e-16 5.106936e-18
6610.480000 1.727038e-16 4.931378e-18
6613.480000 1.750671e-16 4.822192e-18
6616.480000 1.780264e-16 4.734889e-18
6619.480000 1.812852e-16 4.649664e-18
6622.480000 1.820387e-16 4.576488e-18
6625.480000 1.778749e-16 4.471131e-18
6628.480000 1.703740e-16 4.335002e-18
6631.480000 1.709258e-16 4.256239e-18
6634.480000 1.782469e-16 4.222852e-18
6637.480000 1.836211e-16 4.201957e-18
6640.480000 1.770661e-16 4.107146e-18
6643.480000 1.699557e-16 4.015394e-18
6646.480000 1.685734e-16 3.962039e-18
6649.480000 1.720133e-16 3.961532e-18
6652.480000 1.742762e-16 3.964560e-18
6655.480000 1.699910e-16 3.928438e-18
6658.480000 1.669839e-16 3.911772e-18
6661.480000 1.704506e-16 3.939067e-18
6664.480000 1.751717e-16 3.974669e-18
6667.480000 1.763814e-16 3.996046e-18
6670.480000 1.715818e-16 3.992929e-18
6673.480000 1.657316e-16 3.993234e-18
6676.480000 1.646988e-16 4.045977e-18
6679.480000 1.696533e-16 4.129700e-18
6682.480000 1.763339e-16 4.230429e-18
6685.480000 1.772182e-16 4.295544e-18
6688.480000 1.723476e-16 4.333308e-18
6691.480000 1.666563e-16 4.387652e-18
6694.480000 1.732577e-16 4.524753e-18
6697.480000 1.715797e-16 4.666821e-18
6700.480000 1.669144e-16 4.730338e-18
6703.480000 1.618462e-16 4.777510e-18
6706.480000 1.616297e-16 4.874331e-18
6709.480000 1.848692e-16 5.141153e-18
6712.480000 1.630310e-16 5.052991e-18
6715.480000 1.662594e-16 5.172375e-18
6718.480000 1.680263e-16 5.258758e-18
6721.480000 1.686959e-16 5.210013e-18
6724.480000 1.718671e-16 5.104767e-18
6727.480000 1.728728e-16 5.012168e-18
6730.480000 1.675566e-16 4.868470e-18
6733.480000 1.695963e-16 4.768102e-18
6736.480000 1.660026e-16 4.619022e-18
6739.480000 1.634144e-16 4.503420e-18
6742.480000 1.605346e-16 4.394181e-18
6745.480000 1.587666e-16 4.274375e-18
6748.480000 1.599667e-16 4.185643e-18
6751.480000 1.602492e-16 4.108467e-18
6754.480000 1.620795e-16 4.037898e-18
6757.480000 1.625664e-16 3.995137e-18
6760.480000 1.512844e-16 3.865385e-18
6763.480000 1.493968e-16 3.784023e-18
6766.480000 1.585191e-16 3.788239e-18
6769.480000 1.625034e-16 3.775134e-18
6772.480000 1.607992e-16 3.731278e-18
6775.480000 1.597358e-16 3.703843e-18
6778.480000 1.587233e-16 3.683221e-18
6781.480000 1.572671e-16 3.668094e-18
6784.480000 1.569348e-16 3.666297e-18
6787.480000 1.575708e-16 3.681186e-18
6790.480000 1.586584e-16 3.732472e-18
6793.480000 1.623572e-16 3.800491e-18
6796.480000 1.577227e-16 3.793442e-18
6799.480000 1.522621e-16 3.823490e-18
6802.480000 1.533081e-16 3.929272e-18
6805.480000 1.550414e-16 3.943808e-18
6808.480000 1.544490e-16 4.005602e-18
6811.480000 1.527890e-16 4.089717e-18
6814.480000 1.507793e-16 4.165267e-18
6817.480000 1.455672e-16 4.188932e-18
6820.480000 1.434309e-16 4.175484e-18
6823.480000 1.517401e-16 4.383507e-18
6826.480000 1.575110e-16 4.604906e-18
6829.480000 1.530450e-16 4.765633e-18
6832.480000 1.554158e-16 4.893274e-18
6835.480000 1.566305e-16 4.946198e-18
6838.480000 1.519984e-16 4.936428e-18
6841.480000 1.503078e-16 4.976883e-18
6844.480000 1.474956e-16 4.979897e-18
6847.480000 1.431950e-16 4.865509e-18
6850.480000 1.429926e-16 4.733862e-18
6853.480000 1.472010e-16 4.660397e-18
6856.480000 1.479895e-16 4.594221e-18
6859.480000 1.475665e-16 4.625124e-18
6862.480000 1.488360e-16 4.683233e-18
6865.480000 1.494039e-16 4.782398e-18
6868.480000 1.447709e-16 4.707830e-18
6871.480000 1.429389e-16 4.579280e-18
6874.480000 1.416912e-16 4.395479e-18
6877.480000 1.421132e-16 4.223247e-18
6880.480000 1.416113e-16 4.097619e-18
6883.480000 1.425611e-16 3.983566e-18
6886.480000 1.432740e-16 3.939552e-18
6889.480000 1.453190e-16 3.908486e-18
6892.480000 1.465051e-16 3.865163e-18
6895.480000 1.453737e-16 3.802058e-18
6898.480000 1.501105e-16 3.789278e-18
6901.480000 1.540855e-16 3.778009e-18
6904.480000 1.525048e-16 3.724405e-18
6907.480000 1.496054e-16 3.675457e-18
6910.480000 1.473864e-16 3.665352e-18
6913.480000 1.463334e-16 3.667889e-18
6916.480000 1.481546e-16 3.684319e-18
6919.480000 1.490704e-16 3.721602e-18
6922.480000 1.514386e-16 3.781470e-18
6925.480000 1.514389e-16 3.791572e-18
6928.480000 1.467391e-16 3.753361e-18
6931.480000 1.452894e-16 3.765465e-18
6934.480000 1.495623e-16 3.847743e-18
6937.480000 1.473496e-16 3.924876e-18
6940.480000 1.460616e-16 4.011805e-18
6943.480000 1.457268e-16 4.094536e-18
6946.480000 1.471060e-16 4.231117e-18
6949.480000 1.484501e-16 4.342918e-18
6952.480000 1.470661e-16 4.375791e-18
6955.480000 1.434658e-16 4.372406e-18
6958.480000 1.397839e-16 4.415520e-18
6961.480000 1.406705e-16 4.504773e-18
6964.480000 1.399917e-16 4.616999e-18
6967.480000 1.411575e-16 4.751608e-18
6970.480000 1.372692e-16 4.773283e-18
6973.480000 1.411778e-16 4.736202e-18
6976.480000 1.402971e-16 4.640890e-18
6979.480000 1.348829e-16 4.505472e-18
6982.480000 1.398806e-16 4.405723e-18
6985.480000 1.444204e-16 4.296787e-18
6988.480000 1.407414e-16 4.221403e-18
6991.480000 1.389776e-16 4.146604e-18
6994.480000 1.406466e-16 4.089201e-18
6997.480000 1.419144e-16 4.103592e-18
7000.480000 1.439281e-16 4.146879e-18
7003.480000 1.472834e-16 3.807516e-18
7006.480000 1.392004e-16 3.682561e-18
7009.480000 1.368290e-16 3.611002e-18
7012.480000 1.346911e-16 3.539031e-18
7015.480000 1.335285e-16 3.468413e-18
7018.480000 1.305899e-16 3.393747e-18
7021.480000 1.303862e-16 3.347333e-18
7024.480000 1.351777e-16 3.339003e-18
7027.480000 1.343213e-16 3.325296e-18
7030.480000 1.304999e-16 3.308425e-18
7033.480000 1.305767e-16 3.307032e-18
7036.480000 1.335448e-16 3.329304e-18
7039.480000 1.372610e-16 3.376751e-18
7042.480000 1.383203e-16 3.429744e-18
7045.480000 1.372608e-16 3.474663e-18
7048.480000 1.356780e-16 3.499369e-18
7051.480000 1.354450e-16 3.530458e-18
7054.480000 1.361921e-16 3.552863e-18
7057.480000 1.327290e-16 3.566494e-18
7060.480000 1.348144e-16 3.640922e-18
7063.480000 1.361323e-16 3.725485e-18
7066.480000 1.349459e-16 3.788539e-18
7069.480000 1.339201e-16 3.850646e-18
7072.480000 1.377950e-16 3.938067e-18
7075.480000 1.355646e-16 4.005757e-18
7078.480000 1.313669e-16 4.069345e-18
7081.480000 1.326407e-16 4.178403e-18
7084.480000 1.332580e-16 4.278069e-18
7087.480000 1.331767e-16 4.388157e-18
7090.480000 1.343198e-16 4.488576e-18
7093.480000 1.344518e-16 4.559951e-18
7096.480000 1.334779e-16 4.541648e-18
7099.480000 1.290030e-16 4.426665e-18
7102.480000 1.311761e-16 4.353108e-18
7105.480000 1.343883e-16 4.280240e-18
7108.480000 1.315753e-16 4.165444e-18
7111.480000 1.277473e-16 4.045941e-18
7114.480000 1.272119e-16 3.937769e-18
7117.480000 1.312478e-16 3.873904e-18
7120.480000 1.350033e-16 3.820722e-18
7123.480000 1.369903e-16 3.764198e-18
7126.480000 1.349663e-16 3.675278e-18
7129.480000 1.322579e-16 3.602638e-18
7132.480000 1.282727e-16 3.517878e-18
7135.480000 1.304946e-16 3.481515e-18
7138.480000 1.286896e-16 3.432143e-18
7141.480000 1.254578e-16 3.377759e-18
7144.480000 1.246234e-16 3.344376e-18
7147.480000 1.273868e-16 3.325944e-18
7150.480000 1.342294e-16 3.327732e-18
7153.480000 1.377781e-16 3.329213e-18
7156.480000 1.356802e-16 3.301587e-18
7159.480000 1.303525e-16 3.268187e-18
7162.480000 1.273284e-16 3.249314e-18
7165.480000 1.254912e-16 3.247534e-18
7168.480000 1.237749e-16 3.264111e-18
7171.480000 1.229491e-16 3.277637e-18
7174.480000 1.253833e-16 3.319809e-18
7177.480000 1.277225e-16 3.352445e-18
7180.480000 1.243880e-16 3.392297e-18
7183.480000 1.248177e-16 3.446744e-18
7186.480000 1.287800e-16 3.504123e-18
7189.480000 1.271278e-16 3.542307e-18
7192.480000 1.217371e-16 3.542145e-18
7195.480000 1.207771e-16 3.612667e-18
7198.480000 1.223013e-16 3.698426e-18
7201.480000 1.223258e-16 3.779586e-18
7204.480000 1.269784e-16 3.900595e-18
7207.480000 1.290422e-16 3.996226e-18
7210.480000 1.252543e-16 4.071245e-18
7213.480000 1.285358e-16 4.207110e-18
7216.480000 1.348038e-16 4.359656e-18
7219.480000 1.329897e-16 4.558817e-18
7222.480000 1.326375e-16 4.611174e-18
7225.480000 1.365846e-16 4.532119e-18
7228.480000 1.315060e-16 4.802031e-18
7231.480000 1.302211e-16 4.441402e-18
7234.480000 1.248591e-16 4.189279e-18
7237.480000 1.242475e-16 4.288729e-18
7240.480000 1.268453e-16 4.428622e-18
7243.480000 1.330691e-16 4.460286e-18
7246.480000 1.345475e-16 4.313019e-18
7249.480000 1.287792e-16 3.997952e-18
7252.480000 1.272984e-16 3.761179e-18
7255.480000 1.275722e-16 3.630985e-18
7258.480000 1.263318e-16 3.514125e-18
7261.480000 1.249908e-16 3.402189e-18
7264.480000 1.229547e-16 3.338492e-18
7267.480000 1.241855e-16 3.349690e-18
7270.480000 1.282093e-16 3.441516e-18
7273.480000 1.305794e-16 3.590736e-18
7276.480000 1.294165e-16 3.679668e-18
7279.480000 1.252382e-16 3.611218e-18
7282.480000 1.212865e-16 3.470684e-18
7285.480000 1.205699e-16 3.365310e-18
7288.480000 1.215254e-16 3.292701e-18
7291.480000 1.247935e-16 3.260854e-18
7294.480000 1.294050e-16 3.291009e-18
7297.480000 1.325234e-16 3.352944e-18
7300.480000 1.318346e-16 3.407934e-18
7303.480000 1.298881e-16 3.454322e-18
7306.480000 1.307429e-16 3.496750e-18
7309.480000 1.284496e-16 3.557607e-18
7312.480000 1.266999e-16 3.732882e-18
7315.480000 1.263323e-16 3.921142e-18
7318.480000 1.248627e-16 3.941890e-18
7321.480000 1.291783e-16 3.897704e-18
7324.480000 1.326616e-16 3.950244e-18
7327.480000 1.349545e-16 4.102700e-18
7330.480000 1.327585e-16 4.204053e-18
7333.480000 1.292395e-16 4.253281e-18
7336.480000 1.337093e-16 4.471397e-18
7339.480000 1.305848e-16 4.757970e-18
7342.480000 1.245120e-16 4.837364e-18
7345.480000 1.277364e-16 4.743554e-18
7348.480000 1.256755e-16 4.516155e-18
7351.480000 1.283457e-16 4.375822e-18
7354.480000 1.271093e-16 4.319388e-18
7357.480000 1.288850e-16 4.304082e-18
7360.480000 1.275661e-16 4.221627e-18
7363.480000 1.262489e-16 4.122466e-18
7366.480000 1.286355e-16 4.140528e-18
7369.480000 1.279624e-16 4.147438e-18
7372.480000 1.286658e-16 4.009084e-18
7375.480000 1.304180e-16 3.771938e-18
7378.480000 1.331633e-16 3.611331e-18
7381.480000 1.312215e-16 3.503174e-18
7384.480000 1.286603e-16 3.409584e-18
7387.480000 1.332677e-16 3.409308e-18
7390.480000 1.363529e-16 3.444981e-18
7393.480000 1.334372e-16 3.430467e-18
7396.480000 1.292347e-16 3.377140e-18
7399.480000 1.271850e-16 3.384103e-18
7402.480000 1.279959e-16 3.397491e-18
7405.480000 1.294887e-16 3.327362e-18
7408.480000 1.309425e-16 3.235829e-18
7411.480000 1.320419e-16 3.191843e-18
7414.480000 1.335142e-16 3.190377e-18
7417.480000 1.295282e-16 3.177669e-18
7420.480000 1.276642e-16 3.193838e-18
7423.480000 1.292732e-16 3.233300e-18
7426.480000 1.284549e-16 3.292669e-18
7429.480000 1.305773e-16 3.396328e-18
7432.480000 1.313377e-16 3.464429e-18
7435.480000 1.299895e-16 3.541325e-18
7438.480000 1.294415e-16 3.621760e-18
7441.480000 1.266052e-16 3.618554e-18
7444.480000 1.305323e-16 3.628928e-18
7447.480000 1.313165e-16 3.667551e-18
7450.480000 1.301216e-16 3.732008e-18
7453.480000 1.330270e-16 3.828314e-18
7456.480000 1.293779e-16 3.893325e-18
7459.480000 1.295424e-16 4.001690e-18
7462.480000 1.275793e-16 4.119886e-18
7465.480000 1.313544e-16 4.284835e-18
7468.480000 1.328374e-16 4.418941e-18
7471.480000 1.346878e-16 4.553827e-18
7474.480000 1.306821e-16 4.519279e-18
7477.480000 1.270797e-16 4.412750e-18
7480.480000 1.303188e-16 4.347481e-18
7483.480000 1.262015e-16 4.209165e-18
7486.480000 1.326171e-16 4.087471e-18
7489.480000 1.345755e-16 3.948115e-18
7492.480000 1.277925e-16 3.796499e-18
7495.480000 1.184103e-16 3.718308e-18
7498.480000 1.175301e-16 3.850485e-18
7501.480000 1.228199e-16 3.777949e-18
7504.480000 1.295926e-16 3.700471e-18
7507.480000 1.373594e-16 3.461113e-18
7510.480000 1.244217e-16 3.298666e-18
7513.480000 1.233257e-16 3.266072e-18
7516.480000 1.198519e-16 3.257051e-18
7519.480000 1.182476e-16 3.283752e-18
7522.480000 1.226740e-16 3.366605e-18
7525.480000 1.272705e-16 3.397463e-18
7528.480000 1.271840e-16 3.318637e-18
7531.480000 1.255516e-16 3.206843e-18
7534.480000 1.229544e-16 3.127034e-18
7537.480000 1.225258e-16 3.099469e-18
7540.480000 1.238871e-16 3.102443e-18
7543.480000 1.249029e-16 3.113886e-18
7546.480000 1.232789e-16 3.116770e-18
7549.480000 1.155882e-16 3.092206e-18
7552.480000 1.138448e-16 3.137543e-18
7555.480000 1.182194e-16 3.227149e-18
7558.480000 1.189224e-16 3.279924e-18
7561.480000 1.208827e-16 3.347716e-18
7564.480000 1.224606e-16 3.428043e-18
7567.480000 1.191744e-16 4.008002e-18
7570.480000 1.196731e-16 4.075483e-18
7573.480000 1.166559e-16 3.798055e-18
7576.480000 1.118082e-16 3.708736e-18
7579.480000 1.214391e-16 3.769389e-18
7582.480000 1.230414e-16 3.859086e-18
7585.480000 1.238796e-16 3.990627e-18
7588.480000 1.212473e-16 4.211941e-18
7591.480000 1.247992e-16 4.538176e-18
7594.480000 1.232775e-16 5.239880e-18
7597.480000 1.076702e-16 5.933853e-18
7600.480000 1.011621e-16 6.784996e-18
7603.480000 1.025567e-16 7.029070e-18
7606.480000 1.053698e-16 7.027696e-18
7609.480000 1.099468e-16 6.304355e-18
7612.480000 1.260011e-16 5.717862e-18
7615.480000 1.351309e-16 5.058602e-18
7618.480000 1.269399e-16 4.742851e-18
7621.480000 1.139851e-16 4.438675e-18
7624.480000 1.158880e-16 4.568806e-18
7627.480000 1.193153e-16 4.714591e-18
7630.480000 1.196919e-16 4.716682e-18
7633.480000 1.151241e-16 4.505910e-18
7636.480000 1.125302e-16 4.236572e-18
7639.480000 1.163448e-16 4.077429e-18
7642.480000 1.127573e-16 3.895293e-18
7645.480000 1.069084e-16 3.695369e-18
7648.480000 1.069640e-16 3.555831e-18
7651.480000 1.086359e-16 3.465595e-18
7654.480000 1.104686e-16 3.389451e-18
7657.480000 1.138236e-16 3.325386e-18
7660.480000 1.167546e-16 3.285218e-18
7663.480000 1.155545e-16 3.230718e-18
7666.480000 1.116561e-16 3.157320e-18
7669.480000 1.115057e-16 3.119646e-18
7672.480000 1.133378e-16 3.121738e-18
7675.480000 1.116069e-16 3.111881e-18
7678.480000 1.090644e-16 3.122116e-18
7681.480000 1.094778e-16 3.174042e-18
7684.480000 1.103027e-16 3.228484e-18
7687.480000 1.094977e-16 3.276391e-18
7690.480000 1.086965e-16 3.329213e-18
7693.480000 1.084075e-16 3.391135e-18
7696.480000 1.050184e-16 3.436517e-18
7699.480000 1.081017e-16 3.538387e-18
7702.480000 1.094109e-16 3.611147e-18
7705.480000 1.052999e-16 3.722276e-18
7708.480000 1.071689e-16 4.065235e-18
7711.480000 1.122435e-16 4.581047e-18
7714.480000 1.129524e-16 4.930452e-18
7717.480000 1.069741e-16 4.926058e-18
7720.480000 1.069844e-16 4.700739e-18
7723.480000 1.104727e-16 4.486930e-18
7726.480000 1.186820e-16 4.332525e-18
7729.480000 1.134112e-16 4.120264e-18
7732.480000 1.010301e-16 3.916197e-18
7735.480000 1.015930e-16 3.821829e-18
7738.480000 9.951337e-17 3.689045e-18
7741.480000 1.048082e-16 3.666193e-18
7744.480000 1.108674e-16 3.744040e-18
7747.480000 1.150087e-16 3.969875e-18
7750.480000 1.165649e-16 4.170280e-18
7753.480000 1.074277e-16 3.997732e-18
7756.480000 9.903088e-17 3.634320e-18
7759.480000 1.056511e-16 3.519134e-18
7762.480000 1.036312e-16 3.376784e-18
7765.480000 1.038352e-16 3.224408e-18
7768.480000 1.056088e-16 3.176985e-18
7771.480000 1.076935e-16 3.197511e-18
7774.480000 1.080218e-16 3.203670e-18
7777.480000 1.057406e-16 3.177065e-18
7780.480000 1.067247e-16 3.165455e-18
7783.480000 1.068426e-16 3.136135e-18
7786.480000 1.051293e-16 3.129219e-18
7789.480000 1.058131e-16 3.258375e-18
7792.480000 1.099938e-16 3.456275e-18
7795.480000 1.054160e-16 3.441356e-18
7798.480000 9.444840e-17 3.212375e-18
7801.480000 9.465520e-17 3.117360e-18
7804.480000 9.845948e-17 3.198961e-18
7807.480000 1.061358e-16 3.371803e-18
7810.480000 1.059440e-16 3.415485e-18
7813.480000 9.953631e-17 3.400990e-18
7816.480000 9.961672e-17 3.605129e-18
7819.480000 1.063795e-16 3.969374e-18
7822.480000 1.043218e-16 4.062275e-18
7825.480000 9.827105e-17 3.827220e-18
7828.480000 9.896996e-17 3.652397e-18
7831.480000 9.583392e-17 3.598766e-18
7834.480000 9.589532e-17 3.685807e-18
7837.480000 1.008402e-16 3.913948e-18
7840.480000 1.063062e-16 4.184430e-18
7843.480000 9.785782e-17 4.206280e-18
7846.480000 9.226266e-17 4.313107e-18
7849.480000 1.030858e-16 4.705906e-18
7852.480000 1.073906e-16 4.990244e-18
7855.480000 1.072906e-16 4.898425e-18
7858.480000 9.735553e-17 4.502069e-18
7861.480000 9.562335e-17 4.175480e-18
7864.480000 9.893152e-17 3.990448e-18
7867.480000 1.004255e-16 3.940682e-18
7870.480000 9.799241e-17 3.943607e-18
7873.480000 9.246891e-17 3.783852e-18
7876.480000 9.376923e-17 3.697916e-18
7879.480000 1.054885e-16 3.825758e-18
7882.480000 1.076009e-16 3.647954e-18
7885.480000 1.036173e-16 3.554789e-18
7888.480000 1.108652e-16 3.625374e-18
7891.480000 1.089734e-16 3.573720e-18
7894.480000 1.046317e-16 3.342292e-18
7897.480000 1.007693e-16 3.129187e-18
7900.480000 1.021151e-16 3.054527e-18
7903.480000 1.068008e-16 3.074138e-18
7906.480000 1.043330e-16 3.137321e-18
7909.480000 1.054720e-16 3.366403e-18
7912.480000 1.078508e-16 3.643541e-18
7915.480000 1.012033e-16 3.679060e-18
7918.480000 9.776372e-17 3.556936e-18
7921.480000 9.952158e-17 3.453823e-18
7924.480000 9.602519e-17 3.305119e-18
7927.480000 9.585714e-17 3.275507e-18
7930.480000 1.005145e-16 3.372433e-18
7933.480000 1.004453e-16 3.347416e-18
7936.480000 9.598402e-17 3.236547e-18
7939.480000 9.829404e-17 3.236822e-18
7942.480000 9.989543e-17 3.311964e-18
7945.480000 1.043184e-16 3.504007e-18
7948.480000 9.819028e-17 3.576269e-18
7951.480000 9.867050e-17 3.608375e-18
7954.480000 9.671321e-17 3.588764e-18
7957.480000 9.386119e-17 3.673928e-18
7960.480000 9.449748e-17 3.997765e-18
7963.480000 1.090261e-16 4.500593e-18
7966.480000 1.028081e-16 4.562913e-18
7969.480000 9.692665e-17 4.340571e-18
7972.480000 1.003517e-16 4.394797e-18
7975.480000 1.008150e-16 4.776759e-18
7978.480000 1.034113e-16 4.936355e-18
7981.480000 9.763391e-17 4.386037e-18
7984.480000 9.514145e-17 4.000055e-18
7987.480000 9.120128e-17 3.908068e-18
7990.480000 1.019833e-16 4.192031e-18
7993.480000 1.070642e-16 4.386281e-18
7996.480000 9.972150e-17 4.127554e-18
7999.480000 8.920602e-17 3.637736e-18
8002.480000 9.272453e-17 3.406868e-18
8005.480000 9.998471e-17 3.369611e-18
8008.480000 9.688577e-17 3.295372e-18
8011.480000 9.797986e-17 3.310069e-18
8014.480000 1.015833e-16 3.378291e-18
8017.480000 1.021888e-16 3.351544e-18
8020.480000 1.081537e-16 3.369259e-18
8023.480000 1.118697e-16 3.490031e-18
8026.480000 1.066353e-16 3.525913e-18
8029.480000 9.574980e-17 3.339117e-18
8032.480000 9.392342e-17 3.116177e-18
8035.480000 9.515510e-17 2.990977e-18
8038.480000 9.473539e-17 2.944270e-18
8041.480000 9.590186e-17 2.943233e-18
8044.480000 9.827713e-17 2.985430e-18
8047.480000 1.019964e-16 3.076316e-18
8050.480000 1.053962e-16 3.173335e-18
8053.480000 1.034582e-16 3.209607e-18
8056.480000 9.658497e-17 3.207803e-18
8059.480000 9.708209e-17 3.340884e-18
8062.480000 9.817512e-17 3.436296e-18
8065.480000 9.460569e-17 3.384185e-18
8068.480000 9.653852e-17 3.346426e-18
8071.480000 1.004115e-16 3.380743e-18
8074.480000 9.557996e-17 3.407566e-18
8077.480000 9.371373e-17 3.473578e-18
8080.480000 9.211882e-17 3.547912e-18
8083.480000 9.397915e-17 3.642179e-18
8086.480000 9.487374e-17 3.755714e-18
8089.480000 9.900971e-17 3.872362e-18
8092.480000 1.033366e-16 4.026927e-18
8095.480000 9.999932e-17 4.112286e-18
8098.480000 1.000617e-16 4.226563e-18
8101.480000 9.847268e-17 4.275920e-18
8104.480000 9.316919e-17 4.147598e-18
8107.480000 8.871462e-17 3.939347e-18
8110.480000 9.128399e-17 3.806039e-18
8113.480000 9.520331e-17 3.725797e-18
8116.480000 9.763792e-17 3.651887e-18
8119.480000 9.587900e-17 3.585732e-18
8122.480000 9.019956e-17 3.452173e-18
8125.480000 9.717844e-17 3.454712e-18
8128.480000 9.471646e-17 3.358167e-18
8131.480000 9.415283e-17 3.284101e-18
8134.480000 9.661351e-17 3.259242e-18
8137.480000 9.566870e-17 3.228745e-18
8140.480000 9.272145e-17 3.159909e-18
8143.480000 9.393902e-17 3.125272e-18
8146.480000 9.005852e-17 3.051462e-18
8149.480000 8.745490e-17 2.989417e-18
8152.480000 8.819744e-17 2.940706e-18
8155.480000 8.850087e-17 2.902286e-18
8158.480000 8.555177e-17 2.859877e-18
8161.480000 8.069360e-17 2.820393e-18
8164.480000 7.878601e-17 2.800505e-18
8167.480000 8.438484e-17 2.845572e-18
8170.480000 8.921004e-17 2.907687e-18
8173.480000 8.549798e-17 2.904901e-18
8176.480000 8.188113e-17 2.904863e-18
8179.480000 7.981154e-17 2.914507e-18
8182.480000 8.795919e-17 3.030311e-18
8185.480000 9.059637e-17 3.083416e-18
8188.480000 8.994656e-17 3.133814e-18
8191.480000 8.862604e-17 3.185187e-18
8194.480000 8.872673e-17 3.238495e-18
8197.480000 8.564745e-17 3.275009e-18
8200.480000 8.534858e-17 3.346340e-18
8203.480000 9.241149e-17 3.484746e-18
8206.480000 9.092183e-17 3.550081e-18
8209.480000 8.551133e-17 3.584181e-18
8212.480000 8.123999e-17 3.623872e-18
8215.480000 8.417689e-17 3.721787e-18
8218.480000 8.417615e-17 3.803502e-18
8221.480000 8.035474e-17 3.834990e-18
8224.480000 7.656614e-17 3.851580e-18
8227.480000 7.550463e-17 3.804332e-18
8230.480000 7.490501e-17 3.708779e-18
8233.480000 7.691696e-17 3.678798e-18
8236.480000 8.212227e-17 3.684759e-18
8239.480000 8.521570e-17 3.656336e-18
8242.480000 8.934488e-17 3.613825e-18
8245.480000 9.135362e-17 3.564374e-18
8248.480000 8.508467e-17 3.447995e-18
8251.480000 8.171983e-17 3.330233e-18
8254.480000 8.422500e-17 3.273983e-18
8257.480000 8.563707e-17 3.220791e-18
8260.480000 8.630318e-17 3.180736e-18
8263.480000 8.402544e-17 3.097449e-18
8266.480000 8.419011e-17 3.042340e-18
8269.480000 8.388158e-17 3.023426e-18
8272.480000 8.221155e-17 3.034244e-18
8275.480000 8.346803e-17 3.184556e-18
8278.480000 8.556364e-17 3.420913e-18
8281.480000 8.646261e-17 3.570405e-18
8284.480000 8.673107e-17 3.619785e-18
8287.480000 8.392343e-17 3.616038e-18
8290.480000 7.998464e-17 3.530386e-18
8293.480000 8.259247e-17 3.517310e-18
8296.480000 8.642404e-17 3.653389e-18
8299.480000 8.442518e-17 3.655613e-18
8302.480000 8.132653e-17 3.425950e-18
8305.480000 7.687300e-17 3.214104e-18
8308.480000 7.993119e-17 3.255003e-18
8311.480000 8.529424e-17 3.324139e-18
8314.480000 8.207304e-17 3.256752e-18
8317.480000 7.837676e-17 3.186668e-18
8320.480000 7.420183e-17 3.158194e-18
8323.480000 7.582073e-17 3.214430e-18
8326.480000 8.182329e-17 3.324056e-18
8329.480000 7.747637e-17 3.364038e-18
8332.480000 8.019377e-17 3.499157e-18
8335.480000 8.094666e-17 3.712273e-18
8338.480000 7.890053e-17 4.199564e-18
8341.480000 8.246035e-17 5.082852e-18
8344.480000 9.587805e-17 5.787438e-18
8347.480000 8.365511e-17 5.548440e-18
8350.480000 7.792364e-17 5.045386e-18
8353.480000 8.136981e-17 4.834899e-18
8356.480000 7.771328e-17 4.403872e-18
8359.480000 7.723828e-17 4.031121e-18
8362.480000 8.583838e-17 4.034623e-18
8365.480000 8.726011e-17 3.971397e-18
8368.480000 7.870994e-17 3.705236e-18
8371.480000 7.345127e-17 3.451590e-18
8374.480000 7.432489e-17 3.389495e-18
8377.480000 7.713454e-17 3.448863e-18
8380.480000 8.445301e-17 3.624338e-18
8383.480000 8.639842e-17 3.666430e-18
8386.480000 8.218527e-17 3.427131e-18
8389.480000 8.099189e-17 3.225034e-18
8392.480000 8.305246e-17 3.288567e-18
8395.480000 8.267440e-17 3.584948e-18
8398.480000 8.354786e-17 3.918244e-18
8401.480000 7.734669e-17 3.804479e-18
8404.480000 6.834899e-17 3.306593e-18
8407.480000 7.298518e-17 3.009418e-18
8410.480000 8.303829e-17 3.083941e-18
8413.480000 8.407575e-17 3.241182e-18
8416.480000 8.205168e-17 3.293512e-18
8419.480000 8.030634e-17 3.182283e-18
8422.480000 8.013169e-17 3.172415e-18
8425.480000 8.564724e-17 3.568619e-18
8428.480000 9.934323e-17 4.105054e-18
8431.480000 9.869980e-17 4.148816e-18
8434.480000 8.180185e-17 3.624591e-18
8437.480000 7.284601e-17 3.193709e-18
8440.480000 7.588017e-17 3.133580e-18
8443.480000 7.701276e-17 3.187595e-18
8446.480000 7.528662e-17 3.344978e-18
8449.480000 7.857297e-17 3.621900e-18
8452.480000 7.849377e-17 3.796616e-18
8455.480000 7.324118e-17 3.821933e-18
8458.480000 7.461699e-17 4.041335e-18
8461.480000 8.283732e-17 4.785104e-18
8464.480000 8.593827e-17 4.992855e-18
8467.480000 8.789039e-17 4.742867e-18
8470.480000 7.675089e-17 4.192180e-18
8473.480000 7.282130e-17 3.922710e-18
8476.480000 6.824641e-17 3.854204e-18
8479.480000 7.360042e-17 3.856813e-18
8482.480000 7.284014e-17 3.740724e-18
8485.480000 7.447443e-17 3.656154e-18
8488.480000 7.686178e-17 3.715972e-18
8491.480000 7.835630e-17 3.830027e-18
8494.480000 7.893805e-17 3.834347e-18
8497.480000 7.254151e-17 3.623718e-18
8500.480000 7.375243e-17 3.612094e-18
8503.480000 7.841596e-17 3.806647e-18
8506.480000 7.627786e-17 3.759591e-18
8509.480000 7.332622e-17 3.418439e-18
8512.480000 7.337756e-17 3.093033e-18
8515.480000 7.622036e-17 2.987581e-18
8518.480000 7.164202e-17 2.905549e-18
8521.480000 7.035394e-17 2.864294e-18
8524.480000 7.304580e-17 2.862329e-18
8527.480000 7.378517e-17 2.823835e-18
8530.480000 7.327812e-17 2.827577e-18
8533.480000 6.714496e-17 2.840662e-18
8536.480000 6.939197e-17 2.898067e-18
8539.480000 7.438754e-17 2.920058e-18
8542.480000 7.326722e-17 2.925673e-18
8545.480000 7.418757e-17 3.007478e-18
8548.480000 7.376020e-17 3.096124e-18
8551.480000 7.234068e-17 3.064163e-18
8554.480000 7.621075e-17 2.960366e-18
8557.480000 7.456071e-17 2.892828e-18
8560.480000 6.926199e-17 2.884481e-18
8563.480000 6.605509e-17 2.896638e-18
8566.480000 6.523953e-17 2.955073e-18
8569.480000 6.581112e-17 3.023086e-18
8572.480000 7.110366e-17 3.141301e-18
8575.480000 7.238167e-17 3.205782e-18
8578.480000 6.962769e-17 3.230512e-18
8581.480000 7.196907e-17 3.341819e-18
8584.480000 7.192647e-17 3.455134e-18
8587.480000 6.873883e-17 3.550861e-18
8590.480000 6.495390e-17 3.593088e-18
8593.480000 6.557179e-17 3.701632e-18
8596.480000 7.126167e-17 3.865592e-18
8599.480000 6.882260e-17 3.917402e-18
8602.480000 6.680912e-17 3.922349e-18
8605.480000 7.140813e-17 3.968508e-18
8608.480000 7.116797e-17 4.022917e-18
8611.480000 6.716694e-17 4.162406e-18
8614.480000 7.467955e-17 4.467272e-18
8617.480000 6.867320e-17 4.701720e-18
8620.480000 7.398467e-17 5.010120e-18
8623.480000 7.404890e-17 5.232481e-18
8626.480000 7.269225e-17 5.333508e-18
8629.480000 7.156062e-17 5.295351e-18
8632.480000 6.714906e-17 5.077611e-18
8635.480000 6.175156e-17 4.685073e-18
8638.480000 6.075889e-17 4.210995e-18
8641.480000 6.387363e-17 3.790022e-18
8644.480000 6.604681e-17 3.618034e-18
8647.480000 7.313343e-17 3.824941e-18
8650.480000 7.722065e-17 4.192750e-18
8653.480000 7.673632e-17 4.455918e-18
8656.480000 7.728717e-17 4.586190e-18
8659.480000 8.034633e-17 4.606406e-18
8662.480000 8.100970e-17 4.503478e-18
8665.480000 7.715394e-17 4.371162e-18
8668.480000 7.270215e-17 4.269322e-18
8671.480000 7.653628e-17 4.170480e-18
8674.480000 7.684715e-17 4.018796e-18
8677.480000 7.367612e-17 3.858076e-18
8680.480000 7.560602e-17 3.727709e-18
8683.480000 7.862618e-17 3.608903e-18
8686.480000 7.210233e-17 3.458794e-18
8689.480000 6.747459e-17 3.376058e-18
8692.480000 6.647331e-17 3.354434e-18
8695.480000 6.764870e-17 3.367366e-18
8698.480000 7.025437e-17 3.399855e-18
8701.480000 7.231640e-17 3.427600e-18
8704.480000 7.088732e-17 3.441590e-18
8707.480000 6.819243e-17 3.466186e-18
8710.480000 6.796402e-17 3.508891e-18
8713.480000 6.708932e-17 3.520949e-18
8716.480000 6.907670e-17 3.604375e-18
8719.480000 6.892711e-17 3.665653e-18
8722.480000 6.967615e-17 3.754240e-18
8725.480000 6.842685e-17 3.833697e-18
8728.480000 6.996390e-17 3.884745e-18
8731.480000 7.274094e-17 3.867728e-18
8734.480000 7.066769e-17 3.758892e-18
8737.480000 6.813253e-17 3.676815e-18
8740.480000 6.723827e-17 3.606850e-18
8743.480000 6.304853e-17 3.492761e-18
8746.480000 6.508330e-17 3.421330e-18
8749.480000 6.939740e-17 3.488117e-18
8752.480000 6.258618e-17 3.420562e-18
8755.480000 6.679221e-17 3.744926e-18
8758.480000 7.867481e-17 4.612159e-18
8761.480000 7.721069e-17 4.900178e-18
8764.480000 7.708360e-17 4.729089e-18
8767.480000 7.447558e-17 4.603731e-18
8770.480000 6.308539e-17 4.249123e-18
8773.480000 7.054938e-17 4.020671e-18
8776.480000 8.001620e-17 4.190875e-18
8779.480000 7.384088e-17 4.147985e-18
8782.480000 6.640038e-17 3.644686e-18
8785.480000 6.549124e-17 3.235569e-18
8788.480000 7.018251e-17 3.265668e-18
8791.480000 7.363858e-17 3.355034e-18
8794.480000 7.091717e-17 3.207081e-18
8797.480000 6.720148e-17 2.978960e-18
8800.480000 6.399124e-17 2.899576e-18
8803.480000 6.412781e-17 2.952357e-18
8806.480000 6.391024e-17 3.018428e-18
8809.480000 6.684980e-17 3.080047e-18
8812.480000 6.933294e-17 3.117403e-18
8815.480000 6.992098e-17 3.173432e-18
8818.480000 6.939306e-17 3.408758e-18
8821.480000 6.352870e-17 4.193505e-18
8824.480000 7.352001e-17 5.457101e-18
8827.480000 7.093002e-17 6.067846e-18
8830.480000 8.155816e-17 5.557908e-18
8833.480000 7.455884e-17 5.046380e-18
8836.480000 7.157575e-17 4.963649e-18
8839.480000 7.067134e-17 4.570692e-18
8842.480000 7.455936e-17 4.161635e-18
8845.480000 6.776097e-17 4.124563e-18
8848.480000 6.756694e-17 4.354926e-18
8851.480000 6.320530e-17 4.406462e-18
8854.480000 6.346689e-17 4.220923e-18
8857.480000 6.773929e-17 4.068142e-18
8860.480000 7.060200e-17 4.070032e-18
8863.480000 6.902317e-17 4.261356e-18
8866.480000 6.546084e-17 4.495036e-18
8869.480000 5.886864e-17 4.355206e-18
8872.480000 6.068802e-17 3.914763e-18
8875.480000 6.416619e-17 3.597174e-18
8878.480000 6.795599e-17 3.660293e-18
8881.480000 7.253300e-17 4.142102e-18
8884.480000 8.134623e-17 4.924955e-18
8887.480000 7.833272e-17 5.241240e-18
8890.480000 6.986927e-17 4.390822e-18
8893.480000 6.200281e-17 3.565204e-18
8896.480000 5.988295e-17 3.333538e-18
8899.480000 6.987501e-17 3.564963e-18
8902.480000 7.237843e-17 3.853029e-18
8905.480000 6.366044e-17 3.750156e-18
8908.480000 6.076416e-17 3.426310e-18
8911.480000 6.594962e-17 3.353473e-18
8914.480000 7.097727e-17 3.818884e-18
8917.480000 7.839975e-17 4.578530e-18
8920.480000 8.098166e-17 4.850880e-18
8923.480000 7.032552e-17 4.271858e-18
8926.480000 6.120508e-17 3.490559e-18
8929.480000 5.619219e-17 3.152916e-18
8932.480000 6.168716e-17 3.185107e-18
8935.480000 6.759368e-17 3.312968e-18
8938.480000 7.068856e-17 3.604088e-18
8941.480000 7.291273e-17 4.008582e-18
8944.480000 7.082625e-17 4.083674e-18
8947.480000 6.282132e-17 3.773766e-18
8950.480000 5.797292e-17 3.735552e-18
8953.480000 6.969930e-17 4.470485e-18
8956.480000 7.311151e-17 5.359498e-18
8959.480000 6.164959e-17 5.419087e-18
8962.480000 5.231629e-17 4.684647e-18
8965.480000 5.923324e-17 4.143700e-18
8968.480000 5.931323e-17 4.041276e-18
8971.480000 5.952797e-17 4.061770e-18
8974.480000 6.276471e-17 4.270731e-18
8977.480000 6.910592e-17 4.678679e-18
8980.480000 6.303160e-17 4.452803e-18
8983.480000 6.125566e-17 4.482342e-18
8986.480000 6.579845e-17 4.733959e-18
8989.480000 6.525523e-17 4.730790e-18
8992.480000 5.986479e-17 4.403730e-18
8995.480000 6.490357e-17 4.286166e-18
8998.480000 7.058145e-17 4.652054e-18
9001.480000 6.682814e-17 4.952049e-18
9004.480000 6.209222e-17 4.613716e-18
9007.480000 5.913466e-17 3.894432e-18
9010.480000 5.901388e-17 3.487789e-18
9013.480000 6.182657e-17 3.406834e-18
9016.480000 6.018661e-17 3.359587e-18
9019.480000 5.460358e-17 3.284915e-18
9022.480000 5.707268e-17 3.279025e-18
9025.480000 6.343050e-17 3.307825e-18
9028.480000 6.640043e-17 3.321778e-18
9031.480000 6.645500e-17 3.362927e-18
9034.480000 6.558048e-17 3.489031e-18
9037.480000 6.764912e-17 3.649776e-18
9040.480000 6.674909e-17 3.688668e-18
9043.480000 7.272930e-17 3.686164e-18
9046.480000 7.867616e-17 3.846027e-18
9049.480000 7.204777e-17 3.945240e-18
9052.480000 6.830275e-17 3.809198e-18
9055.480000 6.791477e-17 3.560134e-18
9058.480000 6.584651e-17 3.442571e-18
9061.480000 6.499247e-17 3.458965e-18
9064.480000 6.552990e-17 3.548053e-18
9067.480000 6.450437e-17 3.592908e-18
9070.480000 6.125734e-17 3.600779e-18
9073.480000 6.068970e-17 3.613070e-18
9076.480000 5.988307e-17 3.626801e-18
9079.480000 5.507755e-17 3.612902e-18
9082.480000 5.552508e-17 3.733925e-18
9085.480000 5.853380e-17 3.882012e-18
9088.480000 6.733212e-17 4.142427e-18
9091.480000 7.196328e-17 4.397251e-18
9094.480000 6.796502e-17 4.511265e-18
9097.480000 7.046745e-17 4.609595e-18
