# TELESCOPE = UH88
# INSTRUMENT = SNIFS
# OBJECT = 2026vbs
# CHANNEL = B+R
# EXPNUM = 26_204_027_003
# MJD-OBS = 61244.437541
# DATE-OBS = 2026-07-23T10:30:04
# EXPTIME = 1500.0s
# AIRMASS = 1.74
# FLUXCAL_RMS_B = 0.063 mag
# FLUXCAL_RMS_R = 0.071 mag
# RA = 19:21:54.58
# DEC = -34:03:08.56
# wl fl err
# [A] [erg/s/cm2/A]
3400.480000 1.096706e-16 2.261350e-17
3403.480000 9.406282e-17 2.287943e-17
3406.480000 6.243307e-17 2.051760e-17
3409.480000 4.505646e-17 1.909949e-17
3412.480000 3.925161e-17 2.109773e-17
3415.480000 3.750329e-17 2.148311e-17
3418.480000 2.327901e-17 1.935707e-17
3421.480000 1.365166e-17 1.883511e-17
3424.480000 2.509437e-17 2.119694e-17
3427.480000 7.579429e-17 2.186721e-17
3430.480000 6.238424e-17 1.883891e-17
3433.480000 6.056944e-17 1.885218e-17
3436.480000 6.944798e-17 2.082269e-17
3439.480000 6.907092e-17 2.053799e-17
3442.480000 7.446930e-17 1.816769e-17
3445.480000 8.262410e-17 1.844089e-17
3448.480000 2.014028e-17 1.962424e-17
3451.480000 5.037084e-17 1.935598e-17
3454.480000 5.997978e-17 1.749245e-17
3457.480000 6.657531e-17 1.857920e-17
3460.480000 8.724024e-17 1.985660e-17
3463.480000 4.746261e-17 1.825339e-17
3466.480000 7.201675e-17 1.690332e-17
3469.480000 6.447097e-17 1.822797e-17
3472.480000 8.160634e-17 1.915723e-17
3475.480000 6.832694e-17 1.781130e-17
3478.480000 5.473461e-17 1.672238e-17
3481.480000 6.532081e-17 1.858461e-17
3484.480000 7.517123e-17 1.935940e-17
3487.480000 4.624095e-17 1.741236e-17
3490.480000 2.174465e-17 1.670163e-17
3493.480000 5.030816e-17 1.875562e-17
3496.480000 5.796671e-17 1.876297e-17
3499.480000 7.548140e-17 1.654138e-17
3502.480000 7.343661e-17 1.652340e-17
3505.480000 6.061917e-17 1.850226e-17
3508.480000 9.987349e-17 1.855684e-17
3511.480000 8.097415e-17 1.628655e-17
3514.480000 7.805384e-17 1.681008e-17
3517.480000 7.218183e-17 1.858244e-17
3520.480000 5.223117e-17 1.767405e-17
3523.480000 8.049088e-17 1.603854e-17
3526.480000 9.931522e-17 1.677185e-17
3529.480000 6.976027e-17 1.773574e-17
3532.480000 9.175986e-17 1.707025e-17
3535.480000 7.472351e-17 1.544485e-17
3538.480000 7.705979e-17 1.653455e-17
3541.480000 5.182163e-17 1.723220e-17
3544.480000 6.703847e-17 1.637372e-17
3547.480000 7.434441e-17 1.561742e-17
3550.480000 7.523414e-17 1.701913e-17
3553.480000 7.840438e-17 1.751248e-17
3556.480000 6.449409e-17 1.581797e-17
3559.480000 5.086398e-17 1.528434e-17
3562.480000 5.784600e-17 1.718428e-17
3565.480000 5.097095e-17 1.736114e-17
3568.480000 6.283515e-17 1.540299e-17
3571.480000 9.421290e-17 1.534170e-17
3574.480000 8.594941e-17 1.723510e-17
3577.480000 8.793352e-17 1.731427e-17
3580.480000 9.117344e-17 1.520676e-17
3583.480000 6.752177e-17 1.511629e-17
3586.480000 8.275000e-17 1.697409e-17
3589.480000 9.599283e-17 1.666558e-17
3592.480000 7.759666e-17 1.476197e-17
3595.480000 7.611017e-17 1.549711e-17
3598.480000 1.085232e-16 1.702551e-17
3601.480000 1.068638e-16 1.617364e-17
3604.480000 1.123831e-16 1.476691e-17
3607.480000 1.235449e-16 1.568736e-17
3610.480000 9.489305e-17 1.631963e-17
3613.480000 1.073161e-16 1.533091e-17
3616.480000 1.136823e-16 1.447487e-17
3619.480000 1.251751e-16 1.599716e-17
3622.480000 1.031958e-16 1.643219e-17
3625.480000 1.037716e-16 1.492149e-17
3628.480000 1.195628e-16 1.446662e-17
3631.480000 1.319423e-16 1.637706e-17
3634.480000 1.118658e-16 1.635321e-17
3637.480000 1.124392e-16 1.464705e-17
3640.480000 1.328119e-16 1.471448e-17
3643.480000 1.569604e-16 1.698710e-17
3646.480000 1.551981e-16 1.684663e-17
3649.480000 1.342638e-16 1.455301e-17
3652.480000 1.274158e-16 1.470539e-17
3655.480000 1.262259e-16 1.642306e-17
3658.480000 1.278543e-16 1.612474e-17
3661.480000 1.323324e-16 1.451026e-17
3664.480000 1.415418e-16 1.513255e-17
3667.480000 1.584085e-16 1.649626e-17
3670.480000 1.663733e-16 1.578408e-17
3673.480000 1.638897e-16 1.424539e-17
3676.480000 1.492921e-16 1.498366e-17
3679.480000 1.555235e-16 1.579162e-17
3682.480000 1.535720e-16 1.478946e-17
3685.480000 1.823386e-16 1.393443e-17
3688.480000 1.816613e-16 1.520860e-17
3691.480000 1.729447e-16 1.562126e-17
3694.480000 1.600173e-16 1.427920e-17
3697.480000 1.646389e-16 1.372918e-17
3700.480000 1.591545e-16 1.531603e-17
3703.480000 1.688193e-16 1.592397e-17
3706.480000 1.771295e-16 1.417711e-17
3709.480000 1.610137e-16 1.368700e-17
3712.480000 1.675818e-16 1.569195e-17
3715.480000 1.572736e-16 1.564397e-17
3718.480000 1.603866e-16 1.375657e-17
3721.480000 1.514218e-16 1.380216e-17
3724.480000 1.628850e-16 1.552551e-17
3727.480000 1.676637e-16 1.558006e-17
3730.480000 1.337878e-16 1.427502e-17
3733.480000 1.240762e-16 1.409046e-17
3736.480000 1.286311e-16 1.530258e-17
3739.480000 1.256132e-16 1.474516e-17
3742.480000 1.460385e-16 1.369293e-17
3745.480000 1.744995e-16 1.475033e-17
3748.480000 1.644423e-16 1.557605e-17
3751.480000 1.392312e-16 1.443015e-17
3754.480000 1.313060e-16 1.331247e-17
3757.480000 1.483733e-16 1.478262e-17
3760.480000 1.429922e-16 1.544593e-17
3763.480000 1.434968e-16 1.409524e-17
3766.480000 1.423835e-16 1.336261e-17
3769.480000 1.249904e-16 1.465374e-17
3772.480000 1.246957e-16 1.511400e-17
3775.480000 1.052551e-16 1.354727e-17
3778.480000 1.127983e-16 1.334589e-17
3781.480000 1.250950e-16 1.518461e-17
3784.480000 1.098869e-16 1.521126e-17
3787.480000 1.093723e-16 1.329636e-17
3790.480000 1.127833e-16 1.323402e-17
3793.480000 1.272271e-16 1.494533e-17
3796.480000 1.260278e-16 1.465441e-17
3799.480000 1.461479e-16 1.310241e-17
3802.480000 1.425144e-16 1.340672e-17
3805.480000 1.276664e-16 1.456006e-17
3808.480000 1.102051e-16 1.407106e-17
3811.480000 9.909214e-17 1.261501e-17
3814.480000 1.028544e-16 1.333535e-17
3817.480000 1.069400e-16 1.422773e-17
3820.480000 1.016030e-16 1.347206e-17
3823.480000 9.566381e-17 1.234243e-17
3826.480000 1.113180e-16 1.326342e-17
3829.480000 7.594795e-17 1.364572e-17
3832.480000 6.990640e-17 1.250889e-17
3835.480000 9.262598e-17 1.203117e-17
3838.480000 7.698284e-17 1.308203e-17
3841.480000 9.819580e-17 1.345101e-17
3844.480000 7.142974e-17 1.218552e-17
3847.480000 4.994163e-17 1.172288e-17
3850.480000 3.046477e-17 1.316619e-17
3853.480000 6.319035e-17 1.337449e-17
3856.480000 7.275317e-17 1.158687e-17
3859.480000 5.844118e-17 1.156146e-17
3862.480000 6.341858e-17 1.298092e-17
3865.480000 4.300123e-17 1.275343e-17
3868.480000 3.765147e-17 1.128120e-17
3871.480000 3.462726e-17 1.152908e-17
3874.480000 3.280120e-17 1.270941e-17
3877.480000 5.470185e-17 1.238612e-17
3880.480000 6.192500e-17 1.129491e-17
3883.480000 5.256230e-17 1.178074e-17
3886.480000 4.688180e-17 1.277701e-17
3889.480000 3.988686e-17 1.208743e-17
3892.480000 4.879239e-17 1.130442e-17
3895.480000 4.807245e-17 1.243892e-17
3898.480000 3.700205e-17 1.314632e-17
3901.480000 2.745216e-17 1.219739e-17
3904.480000 3.796327e-17 1.160552e-17
3907.480000 4.282076e-17 1.279674e-17
3910.480000 4.147478e-17 1.326485e-17
3913.480000 5.056894e-17 1.220743e-17
3916.480000 6.342591e-17 1.191098e-17
3919.480000 6.403339e-17 1.327711e-17
3922.480000 7.604405e-17 1.334511e-17
3925.480000 8.659212e-17 1.179510e-17
3928.480000 8.700272e-17 1.159664e-17
3931.480000 7.497600e-17 1.285968e-17
3934.480000 8.676808e-17 1.269803e-17
3937.480000 8.571699e-17 1.118047e-17
3940.480000 7.568512e-17 1.137188e-17
3943.480000 8.561066e-17 1.289774e-17
3946.480000 9.979869e-17 1.283210e-17
3949.480000 1.091217e-16 1.166605e-17
3952.480000 1.149809e-16 1.232602e-17
3955.480000 1.132221e-16 1.360942e-17
3958.480000 1.228670e-16 1.305072e-17
3961.480000 1.288134e-16 1.185318e-17
3964.480000 1.252094e-16 1.269117e-17
3967.480000 1.593838e-16 1.347400e-17
3970.480000 1.444871e-16 1.245729e-17
3973.480000 1.326379e-16 1.157898e-17
3976.480000 1.388863e-16 1.301553e-17
3979.480000 1.604589e-16 1.369840e-17
3982.480000 1.535105e-16 1.253176e-17
3985.480000 1.533284e-16 1.217594e-17
3988.480000 1.565401e-16 1.363743e-17
3991.480000 1.533648e-16 1.383470e-17
3994.480000 1.726322e-16 1.252248e-17
3997.480000 1.519639e-16 1.235899e-17
4000.480000 1.548646e-16 1.414744e-17
4003.480000 1.785784e-16 1.441735e-17
4006.480000 1.600047e-16 1.272058e-17
4009.480000 1.404861e-16 1.302157e-17
4012.480000 1.455663e-16 1.488896e-17
4015.480000 1.803238e-16 1.503600e-17
4018.480000 2.036913e-16 1.364696e-17
4021.480000 2.393299e-16 1.446011e-17
4024.480000 2.282161e-16 1.567155e-17
4027.480000 2.327261e-16 1.493729e-17
4030.480000 2.396781e-16 1.348594e-17
4033.480000 2.495488e-16 1.432965e-17
4036.480000 2.453704e-16 1.508236e-17
4039.480000 2.562934e-16 1.400896e-17
4042.480000 2.639105e-16 1.294406e-17
4045.480000 2.636500e-16 1.413694e-17
4048.480000 2.932759e-16 1.482494e-17
4051.480000 2.859971e-16 1.344195e-17
4054.480000 3.110966e-16 1.301374e-17
4057.480000 3.071565e-16 1.434397e-17
4060.480000 2.968139e-16 1.457117e-17
4063.480000 3.118827e-16 1.325523e-17
4066.480000 3.132143e-16 1.296859e-17
4069.480000 3.103670e-16 1.479190e-17
4072.480000 3.237630e-16 1.501805e-17
4075.480000 3.247511e-16 1.313668e-17
4078.480000 3.486898e-16 1.339774e-17
4081.480000 3.803121e-16 1.515094e-17
4084.480000 3.544673e-16 1.473859e-17
4087.480000 3.430815e-16 1.305521e-17
4090.480000 3.370917e-16 1.366326e-17
4093.480000 3.586888e-16 1.518961e-17
4096.480000 3.529052e-16 1.462901e-17
4099.480000 3.334193e-16 1.317493e-17
4102.480000 3.277978e-16 1.386332e-17
4105.480000 3.269421e-16 1.485523e-17
4108.480000 3.332649e-16 1.414337e-17
4111.480000 3.269826e-16 1.328195e-17
4114.480000 3.471041e-16 1.489577e-17
4117.480000 3.410087e-16 1.564800e-17
4120.480000 3.336913e-16 1.468767e-17
4123.480000 3.235727e-16 1.390248e-17
4126.480000 3.341435e-16 1.561384e-17
4129.480000 3.147700e-16 1.603357e-17
4132.480000 3.244812e-16 1.395879e-17
4135.480000 3.439771e-16 1.364827e-17
4138.480000 3.615690e-16 1.547522e-17
4141.480000 3.323104e-16 1.530144e-17
4144.480000 3.350631e-16 1.328734e-17
4147.480000 3.218939e-16 1.317800e-17
4150.480000 2.881923e-16 1.464491e-17
4153.480000 2.934893e-16 1.445465e-17
4156.480000 2.916543e-16 1.272090e-17
4159.480000 2.995731e-16 1.309826e-17
4162.480000 2.952635e-16 1.444969e-17
4165.480000 2.762778e-16 1.386715e-17
4168.480000 2.831721e-16 1.252940e-17
4171.480000 3.054067e-16 1.349528e-17
4174.480000 2.934024e-16 1.455684e-17
4177.480000 2.979205e-16 1.374749e-17
4180.480000 3.035527e-16 1.253654e-17
4183.480000 2.918617e-16 1.353493e-17
4186.480000 3.085081e-16 1.427529e-17
4189.480000 3.069041e-16 1.326303e-17
4192.480000 2.837628e-16 1.241479e-17
4195.480000 2.823463e-16 1.368314e-17
4198.480000 2.981290e-16 1.414314e-17
4201.480000 3.144050e-16 1.282194e-17
4204.480000 3.185055e-16 1.249977e-17
4207.480000 3.020049e-16 1.409239e-17
4210.480000 3.009136e-16 1.433327e-17
4213.480000 3.087339e-16 1.269569e-17
4216.480000 3.228132e-16 1.281587e-17
4219.480000 3.358337e-16 1.446298e-17
4222.480000 3.540984e-16 1.440091e-17
4225.480000 3.715993e-16 1.288617e-17
4228.480000 3.756732e-16 1.335917e-17
4231.480000 3.797183e-16 1.482977e-17
4234.480000 3.844988e-16 1.448583e-17
4237.480000 3.919485e-16 1.298501e-17
4240.480000 4.013518e-16 1.357550e-17
4243.480000 4.041838e-16 1.477123e-17
4246.480000 4.044806e-16 1.397994e-17
4249.480000 4.136161e-16 1.296705e-17
4252.480000 4.016251e-16 1.398556e-17
4255.480000 4.272033e-16 1.488400e-17
4258.480000 4.321113e-16 1.392961e-17
4261.480000 4.312558e-16 1.313644e-17
4264.480000 4.407442e-16 1.450987e-17
4267.480000 4.468079e-16 1.494402e-17
4270.480000 4.514195e-16 1.367444e-17
4273.480000 4.531278e-16 1.325799e-17
4276.480000 4.360448e-16 1.477137e-17
4279.480000 4.072152e-16 1.495062e-17
4282.480000 4.204360e-16 1.342054e-17
4285.480000 4.336358e-16 1.341678e-17
4288.480000 4.458074e-16 1.534358e-17
4291.480000 4.431243e-16 1.537004e-17
4294.480000 4.315662e-16 1.334003e-17
4297.480000 4.529962e-16 1.373155e-17
4300.480000 4.537251e-16 1.521935e-17
4303.480000 4.461525e-16 1.470573e-17
4306.480000 4.461303e-16 1.305478e-17
4309.480000 4.452949e-16 1.348575e-17
4312.480000 4.356947e-16 1.472113e-17
4315.480000 4.158744e-16 1.395091e-17
4318.480000 4.142617e-16 1.287368e-17
4321.480000 4.456913e-16 1.412487e-17
4324.480000 4.471612e-16 1.500314e-17
4327.480000 4.321701e-16 1.384811e-17
4330.480000 4.106037e-16 1.282178e-17
4333.480000 4.208643e-16 1.420279e-17
4336.480000 4.315038e-16 1.485910e-17
4339.480000 4.169101e-16 1.344306e-17
4342.480000 4.132059e-16 1.286395e-17
4345.480000 4.095588e-16 1.441616e-17
4348.480000 3.816878e-16 1.459573e-17
4351.480000 3.620604e-16 1.295326e-17
4354.480000 3.899074e-16 1.297697e-17
4357.480000 4.047042e-16 1.479060e-17
4360.480000 3.738229e-16 1.464192e-17
4363.480000 3.868735e-16 1.284822e-17
4366.480000 3.780524e-16 1.304071e-17
4369.480000 3.496167e-16 1.438124e-17
4372.480000 3.856612e-16 1.426044e-17
4375.480000 3.788215e-16 1.276334e-17
4378.480000 3.720018e-16 1.325176e-17
4381.480000 3.518230e-16 1.439858e-17
4384.480000 3.555667e-16 1.377959e-17
4387.480000 3.679223e-16 1.251918e-17
4390.480000 3.719139e-16 1.343806e-17
4393.480000 3.653842e-16 1.428947e-17
4396.480000 3.571369e-16 1.340977e-17
4399.480000 3.497773e-16 1.243155e-17
4402.480000 3.375826e-16 1.355775e-17
4405.480000 3.369694e-16 1.417358e-17
4408.480000 3.489357e-16 1.308790e-17
4411.480000 3.458575e-16 1.262741e-17
4414.480000 3.171715e-16 1.390105e-17
4417.480000 3.068743e-16 1.419477e-17
4420.480000 3.025842e-16 1.273104e-17
4423.480000 3.026599e-16 1.262682e-17
4426.480000 3.070969e-16 1.443788e-17
4429.480000 3.239697e-16 1.451507e-17
4432.480000 3.208800e-16 1.271774e-17
4435.480000 3.200974e-16 1.272458e-17
4438.480000 2.830319e-16 1.402683e-17
4441.480000 2.724819e-16 1.371113e-17
4444.480000 2.807270e-16 1.220544e-17
4447.480000 2.598080e-16 1.254616e-17
4450.480000 2.457275e-16 1.361657e-17
4453.480000 2.575587e-16 1.307086e-17
4456.480000 2.414513e-16 1.175058e-17
4459.480000 2.304067e-16 1.241294e-17
4462.480000 2.318766e-16 1.325107e-17
4465.480000 2.185033e-16 1.247154e-17
4468.480000 2.270092e-16 1.167023e-17
4471.480000 2.337200e-16 1.268172e-17
4474.480000 2.280051e-16 1.329561e-17
4477.480000 2.124207e-16 1.221298e-17
4480.480000 2.107656e-16 1.167498e-17
4483.480000 2.141898e-16 1.300226e-17
4486.480000 2.194649e-16 1.327030e-17
4489.480000 2.248379e-16 1.205983e-17
4492.480000 2.061800e-16 1.171126e-17
4495.480000 1.793986e-16 1.308960e-17
4498.480000 2.088080e-16 1.335203e-17
4501.480000 2.073922e-16 1.175016e-17
4504.480000 1.960249e-16 1.177759e-17
4507.480000 2.102797e-16 1.349325e-17
4510.480000 2.213897e-16 1.333940e-17
4513.480000 2.298825e-16 1.183994e-17
4516.480000 2.338526e-16 1.222636e-17
4519.480000 2.246560e-16 1.341451e-17
4522.480000 2.130410e-16 1.291555e-17
4525.480000 2.205474e-16 1.173029e-17
4528.480000 2.423613e-16 1.248653e-17
4531.480000 2.286844e-16 1.330817e-17
4534.480000 2.300739e-16 1.264710e-17
4537.480000 2.260267e-16 1.172148e-17
4540.480000 2.303443e-16 1.283226e-17
4543.480000 2.314813e-16 1.347207e-17
4546.480000 2.366870e-16 1.245722e-17
4549.480000 2.452079e-16 1.190028e-17
4552.480000 2.477202e-16 1.321508e-17
4555.480000 2.548905e-16 1.362295e-17
4558.480000 2.632361e-16 1.228853e-17
4561.480000 2.599985e-16 1.207165e-17
4564.480000 2.525040e-16 1.364142e-17
4567.480000 2.617567e-16 1.376355e-17
4570.480000 2.431141e-16 1.205556e-17
4573.480000 2.522267e-16 1.214431e-17
4576.480000 2.658065e-16 1.379939e-17
4579.480000 2.596309e-16 1.363844e-17
4582.480000 2.583125e-16 1.200221e-17
4585.480000 2.675048e-16 1.239317e-17
4588.480000 2.788093e-16 1.373091e-17
4591.480000 2.832320e-16 1.332135e-17
4594.480000 2.839527e-16 1.202979e-17
4597.480000 2.651964e-16 1.255172e-17
4600.480000 2.540854e-16 1.349523e-17
4603.480000 2.748081e-16 1.289616e-17
4606.480000 2.925907e-16 1.200191e-17
4609.480000 2.804980e-16 1.295101e-17
4612.480000 2.711057e-16 1.380140e-17
4615.480000 2.626902e-16 1.265674e-17
4618.480000 2.815539e-16 1.201845e-17
4621.480000 2.827280e-16 1.322553e-17
4624.480000 2.782803e-16 1.367186e-17
4627.480000 2.597654e-16 1.235107e-17
4630.480000 2.412308e-16 1.185197e-17
4633.480000 2.225769e-16 1.338849e-17
4636.480000 2.324821e-16 1.361977e-17
4639.480000 2.497406e-16 1.204551e-17
4642.480000 2.417802e-16 1.196688e-17
4645.480000 2.800228e-16 1.380369e-17
4648.480000 2.527966e-16 1.352025e-17
4651.480000 2.514942e-16 1.191398e-17
4654.480000 2.699664e-16 1.224291e-17
4657.480000 2.715652e-16 1.353738e-17
4660.480000 2.743132e-16 1.337226e-17
4663.480000 2.628384e-16 1.197893e-17
4666.480000 2.544545e-16 1.246977e-17
4669.480000 2.470504e-16 1.346767e-17
4672.480000 2.452741e-16 1.276223e-17
4675.480000 2.747012e-16 1.186599e-17
4678.480000 2.684469e-16 1.274230e-17
4681.480000 2.635777e-16 1.359830e-17
4684.480000 2.665805e-16 1.269654e-17
4687.480000 2.701950e-16 1.199634e-17
4690.480000 2.984324e-16 1.342956e-17
4693.480000 3.096577e-16 1.389931e-17
4696.480000 3.025033e-16 1.265099e-17
4699.480000 3.007392e-16 1.212869e-17
4702.480000 3.166602e-16 1.372392e-17
4705.480000 3.395486e-16 1.410128e-17
4708.480000 3.134209e-16 1.247323e-17
4711.480000 3.021366e-16 1.237760e-17
4714.480000 3.417251e-16 1.436664e-17
4717.480000 3.615979e-16 1.439079e-17
4720.480000 3.416837e-16 1.249138e-17
4723.480000 3.276356e-16 1.265727e-17
4726.480000 3.347051e-16 1.406939e-17
4729.480000 3.365964e-16 1.385846e-17
4732.480000 3.297996e-16 1.237989e-17
4735.480000 3.117025e-16 1.274749e-17
4738.480000 3.401780e-16 1.411723e-17
4741.480000 3.682816e-16 1.366403e-17
4744.480000 3.675634e-16 1.250060e-17
4747.480000 3.529686e-16 1.327702e-17
4750.480000 3.438493e-16 1.407511e-17
4753.480000 3.347724e-16 1.310007e-17
4756.480000 3.437147e-16 1.237406e-17
4759.480000 3.420344e-16 1.367307e-17
4762.480000 3.355191e-16 1.408995e-17
4765.480000 3.348310e-16 1.292474e-17
4768.480000 3.396316e-16 1.236053e-17
4771.480000 3.271752e-16 1.383974e-17
4774.480000 3.196248e-16 1.413688e-17
4777.480000 3.262320e-16 1.278077e-17
4780.480000 3.474145e-16 1.272219e-17
4783.480000 3.509118e-16 1.444033e-17
4786.480000 3.317689e-16 1.434022e-17
4789.480000 3.334344e-16 1.258562e-17
4792.480000 3.348967e-16 1.285128e-17
4795.480000 3.119380e-16 1.424715e-17
4798.480000 3.240086e-16 1.401478e-17
4801.480000 3.527422e-16 1.268088e-17
4804.480000 3.595344e-16 1.321551e-17
4807.480000 3.418332e-16 1.432884e-17
4810.480000 3.368816e-16 1.375932e-17
4813.480000 3.249001e-16 1.255077e-17
4816.480000 3.248907e-16 1.342020e-17
4819.480000 3.363757e-16 1.448524e-17
4822.480000 3.345101e-16 1.369482e-17
4825.480000 3.275893e-16 1.270328e-17
4828.480000 3.120084e-16 1.370526e-17
4831.480000 3.193537e-16 1.451803e-17
4834.480000 3.210368e-16 1.344111e-17
4837.480000 3.224098e-16 1.291264e-17
4840.480000 3.085257e-16 1.434904e-17
4843.480000 2.870797e-16 1.452029e-17
4846.480000 3.022218e-16 1.304094e-17
4849.480000 3.023385e-16 1.276788e-17
4852.480000 2.850100e-16 1.439587e-17
4855.480000 2.721320e-16 1.443192e-17
4858.480000 2.759559e-16 1.275259e-17
4861.480000 2.669523e-16 1.279548e-17
4864.480000 2.969167e-16 1.450346e-17
4867.480000 2.781589e-16 1.427359e-17
4870.480000 2.883176e-16 1.282268e-17
4873.480000 3.058987e-16 1.336753e-17
4876.480000 2.919902e-16 1.458725e-17
4879.480000 2.837235e-16 1.420846e-17
4882.480000 2.715941e-16 1.284688e-17
4885.480000 2.798540e-16 1.374604e-17
4888.480000 2.570451e-16 1.472755e-17
4891.480000 2.386990e-16 1.385726e-17
4894.480000 2.452331e-16 1.293419e-17
4897.480000 2.496051e-16 1.409885e-17
4900.480000 2.510494e-16 1.493215e-17
4903.480000 2.722148e-16 1.414658e-17
4906.480000 2.342225e-16 1.321864e-17
4909.480000 2.413795e-16 1.476225e-17
4912.480000 2.633778e-16 1.532788e-17
4915.480000 2.400603e-16 1.378284e-17
4918.480000 2.581669e-16 1.360582e-17
4921.480000 2.715172e-16 1.558428e-17
4924.480000 2.393889e-16 1.557846e-17
4927.480000 2.559423e-16 1.398756e-17
4930.480000 2.953182e-16 1.441206e-17
4933.480000 2.622350e-16 1.621625e-17
4936.480000 2.551517e-16 1.611086e-17
4939.480000 2.928103e-16 1.450861e-17
4942.480000 2.816654e-16 1.490503e-17
4945.480000 2.598922e-16 1.666461e-17
4948.480000 2.473130e-16 1.620527e-17
4951.480000 2.501444e-16 1.479530e-17
4954.480000 2.348458e-16 1.569614e-17
4957.480000 2.337297e-16 1.705938e-17
4960.480000 2.257739e-16 1.624497e-17
4963.480000 2.096709e-16 1.513422e-17
4966.480000 2.292008e-16 1.672319e-17
4969.480000 2.336398e-16 1.795955e-17
4972.480000 2.451443e-16 1.688632e-17
4975.480000 2.538866e-16 1.626774e-17
4978.480000 2.523509e-16 1.815553e-17
4981.480000 2.624813e-16 1.921944e-17
4984.480000 2.345301e-16 1.763714e-17
4987.480000 2.343728e-16 1.724842e-17
4990.480000 2.762076e-16 2.008638e-17
4993.480000 2.598114e-16 2.060974e-17
4996.480000 2.785708e-16 1.871326e-17
4999.480000 2.689581e-16 1.889001e-17
5002.480000 2.385619e-16 2.163130e-17
5005.480000 2.336070e-16 2.195347e-17
5008.480000 2.325080e-16 1.967333e-17
5011.480000 2.443698e-16 2.066344e-17
5014.480000 2.656657e-16 2.341443e-17
5017.480000 2.301438e-16 2.314120e-17
5020.480000 2.041589e-16 2.107952e-17
5023.480000 1.918510e-16 2.251226e-17
5026.480000 1.820262e-16 2.493396e-17
5029.480000 1.786984e-16 2.408176e-17
5032.480000 2.090009e-16 2.280192e-17
5035.480000 2.659454e-16 2.558939e-17
5038.480000 2.436132e-16 2.748215e-17
5041.480000 2.057201e-16 2.574515e-17
5044.480000 2.214327e-16 2.474137e-17
5047.480000 2.331310e-16 2.800736e-17
5050.480000 2.068852e-16 2.949114e-17
5053.480000 2.001209e-16 2.735840e-17
5056.480000 2.180529e-16 2.635510e-17
5059.480000 1.793251e-16 2.954461e-17
5062.480000 1.972355e-16 3.046970e-17
5065.480000 2.060508e-16 2.767206e-17
5068.480000 2.059657e-16 2.738796e-17
5071.480000 1.845129e-16 nan
5074.480000 1.798459e-16 nan
5077.480000 1.664733e-16 nan
5080.480000 1.539148e-16 nan
5083.480000 1.350198e-16 nan
5086.480000 1.243066e-16 nan
5089.480000 1.584226e-16 nan
5092.480000 1.993328e-16 nan
5095.480000 2.091125e-16 nan
5098.480000 1.999681e-16 nan
5101.480000 2.152003e-16 nan
5104.480000 2.231077e-16 nan
5107.480000 2.252642e-16 nan
5110.480000 1.947673e-16 nan
5113.480000 1.902620e-16 nan
5116.480000 2.131418e-16 nan
5119.480000 2.088235e-16 nan
5122.480000 1.566994e-16 nan
5125.480000 1.288518e-16 nan
5128.480000 1.570861e-16 nan
5131.480000 1.357372e-16 nan
5134.480000 1.184245e-16 nan
5137.480000 1.156356e-16 nan
5140.480000 1.833420e-16 nan
5143.480000 2.099548e-16 nan
5146.480000 1.963141e-16 nan
5149.480000 1.617306e-16 nan
5152.480000 1.386156e-16 nan
5155.480000 1.621822e-16 nan
5158.480000 1.819362e-16 nan
5161.480000 1.916956e-16 nan
5164.480000 1.968054e-16 nan
5167.480000 1.903540e-16 nan
5170.480000 1.875200e-16 3.285300e-17
5173.480000 2.070391e-16 3.212400e-17
5176.480000 1.714748e-16 3.147569e-17
5179.480000 1.596479e-16 3.059147e-17
5182.480000 1.877809e-16 2.997905e-17
5185.480000 2.776845e-16 2.995512e-17
5188.480000 2.487088e-16 2.975121e-17
5191.480000 2.273654e-16 2.932977e-17
5194.480000 2.469472e-16 2.941228e-17
5197.480000 2.710131e-16 2.906104e-17
5200.480000 2.560857e-16 2.897453e-17
5203.480000 2.026312e-16 2.853480e-17
5206.480000 2.382420e-16 2.856049e-17
5209.480000 2.582242e-16 2.864303e-17
5212.480000 2.420376e-16 2.818309e-17
5215.480000 2.381144e-16 2.721638e-17
5218.480000 1.698027e-16 2.596707e-17
5221.480000 2.005029e-16 2.529923e-17
5224.480000 2.170982e-16 2.464086e-17
5227.480000 2.187226e-16 2.421447e-17
5230.480000 2.015002e-16 2.346276e-17
5233.480000 2.126764e-16 2.290122e-17
5236.480000 2.368467e-16 2.267747e-17
5239.480000 2.361575e-16 2.212918e-17
5242.480000 2.474950e-16 2.161583e-17
5245.480000 2.521095e-16 2.128366e-17
5248.480000 2.264709e-16 2.060555e-17
5251.480000 2.291912e-16 2.030779e-17
5254.480000 2.037309e-16 1.985515e-17
5257.480000 1.795730e-16 1.923923e-17
5260.480000 2.076672e-16 1.918990e-17
5263.480000 2.213861e-16 1.890305e-17
5266.480000 2.173380e-16 1.845403e-17
5269.480000 2.105846e-16 1.817723e-17
5272.480000 2.161649e-16 1.809734e-17
5275.480000 2.436865e-16 1.824549e-17
5278.480000 2.428601e-16 1.815222e-17
5281.480000 2.464901e-16 1.804914e-17
5284.480000 2.375491e-16 1.783820e-17
5287.480000 2.206265e-16 1.777934e-17
5290.480000 2.466845e-16 1.791202e-17
5293.480000 2.489790e-16 1.790002e-17
5296.480000 2.693894e-16 1.823860e-17
5299.480000 2.822670e-16 1.858421e-17
5302.480000 2.894375e-16 1.880579e-17
5305.480000 2.976997e-16 1.867668e-17
5308.480000 2.800616e-16 1.869505e-17
5311.480000 2.781029e-16 1.893737e-17
5314.480000 2.526724e-16 1.890309e-17
5317.480000 2.559603e-16 1.927024e-17
5320.480000 2.870707e-16 1.955773e-17
5323.480000 2.902751e-16 1.990126e-17
5326.480000 2.896711e-16 2.016727e-17
5329.480000 2.672791e-16 2.026664e-17
5332.480000 2.631631e-16 2.063313e-17
5335.480000 3.068785e-16 2.116035e-17
5338.480000 3.063205e-16 2.089591e-17
5341.480000 2.680364e-16 2.015997e-17
5344.480000 2.564740e-16 1.954410e-17
5347.480000 2.665956e-16 1.900575e-17
5350.480000 2.494237e-16 1.824106e-17
5353.480000 2.450148e-16 1.757437e-17
5356.480000 2.811274e-16 1.731142e-17
5359.480000 2.928630e-16 1.703848e-17
5362.480000 2.635333e-16 1.642719e-17
5365.480000 2.665192e-16 1.587636e-17
5368.480000 2.768374e-16 1.533489e-17
5371.480000 2.896525e-16 1.506624e-17
5374.480000 2.886128e-16 1.476583e-17
5377.480000 2.584616e-16 1.423150e-17
5380.480000 2.686061e-16 1.401146e-17
5383.480000 2.827548e-16 1.391341e-17
5386.480000 2.608045e-16 1.350964e-17
5389.480000 2.500380e-16 1.319098e-17
5392.480000 2.392222e-16 1.295196e-17
5395.480000 2.568326e-16 1.290037e-17
5398.480000 2.707388e-16 1.284646e-17
5401.480000 2.653664e-16 1.274520e-17
5404.480000 2.677519e-16 1.268949e-17
5407.480000 2.802458e-16 1.271008e-17
5410.480000 2.872571e-16 1.280920e-17
5413.480000 2.821088e-16 1.291846e-17
5416.480000 2.813846e-16 1.301561e-17
5419.480000 2.957672e-16 1.308498e-17
5422.480000 2.932664e-16 1.312437e-17
5425.480000 2.725519e-16 1.307518e-17
5428.480000 2.920209e-16 1.323426e-17
5431.480000 3.001342e-16 1.336085e-17
5434.480000 2.802313e-16 1.344758e-17
5437.480000 2.641467e-16 1.360538e-17
5440.480000 2.686516e-16 1.391989e-17
5443.480000 2.625929e-16 1.410875e-17
5446.480000 2.645269e-16 1.439351e-17
5449.480000 2.675487e-16 1.455870e-17
5452.480000 2.643094e-16 1.472279e-17
5455.480000 2.530372e-16 1.500962e-17
5458.480000 2.171693e-16 1.491644e-17
5461.480000 2.160258e-16 1.518752e-17
5464.480000 2.185133e-16 1.526240e-17
5467.480000 2.238299e-16 1.486909e-17
5470.480000 2.435560e-16 1.461592e-17
5473.480000 2.232291e-16 1.405361e-17
5476.480000 1.961631e-16 1.342119e-17
5479.480000 1.813335e-16 1.298091e-17
5482.480000 1.949546e-16 1.278022e-17
5485.480000 2.015423e-16 1.241797e-17
5488.480000 2.142147e-16 1.209006e-17
5491.480000 1.991129e-16 1.177969e-17
5494.480000 1.640827e-16 1.139264e-17
5497.480000 1.618341e-16 1.118163e-17
5500.480000 1.560912e-16 1.097463e-17
5503.480000 1.659791e-16 1.067265e-17
5506.480000 1.593155e-16 1.043087e-17
5509.480000 1.462950e-16 1.018323e-17
5512.480000 1.552952e-16 1.011741e-17
5515.480000 1.648937e-16 1.005695e-17
5518.480000 1.579818e-16 9.874830e-18
5521.480000 1.567500e-16 9.829481e-18
5524.480000 1.700185e-16 9.880013e-18
5527.480000 1.691016e-16 9.853784e-18
5530.480000 1.626638e-16 9.760989e-18
5533.480000 1.545307e-16 9.656499e-18
5536.480000 1.595074e-16 9.733129e-18
5539.480000 1.569233e-16 9.837940e-18
5542.480000 1.532512e-16 9.887112e-18
5545.480000 1.585483e-16 1.004840e-17
5548.480000 1.544975e-16 1.010353e-17
5551.480000 1.544436e-16 1.030781e-17
5554.480000 1.697056e-16 1.046001e-17
5557.480000 1.650504e-16 1.050246e-17
5560.480000 1.659458e-16 1.074094e-17
5563.480000 1.597577e-16 1.096928e-17
5566.480000 1.645225e-16 1.155946e-17
5569.480000 1.632386e-16 1.302611e-17
5572.480000 1.585906e-16 1.645922e-17
5575.480000 2.117646e-16 2.075747e-17
5578.480000 2.176918e-16 2.242671e-17
5581.480000 1.727936e-16 1.999864e-17
5584.480000 1.628593e-16 1.601336e-17
5587.480000 1.619070e-16 1.384883e-17
5590.480000 1.865791e-16 1.303574e-17
5593.480000 1.855873e-16 1.246215e-17
5596.480000 1.808486e-16 1.200928e-17
5599.480000 1.858373e-16 1.180122e-17
5602.480000 1.902329e-16 1.168414e-17
5605.480000 1.926151e-16 1.141604e-17
5608.480000 1.949676e-16 1.122685e-17
5611.480000 1.945241e-16 1.088680e-17
5614.480000 1.987954e-16 1.065219e-17
5617.480000 2.064396e-16 1.026853e-17
5620.480000 2.009373e-16 1.000861e-17
5623.480000 1.941262e-16 9.745367e-18
5626.480000 2.002120e-16 9.654846e-18
5629.480000 1.912119e-16 9.414497e-18
5632.480000 1.891055e-16 9.211158e-18
5635.480000 1.917020e-16 9.136396e-18
5638.480000 1.936983e-16 9.099495e-18
5641.480000 2.016373e-16 9.088009e-18
5644.480000 1.927983e-16 8.921252e-18
5647.480000 1.884555e-16 8.707211e-18
5650.480000 1.908978e-16 8.611668e-18
5653.480000 1.976855e-16 8.607229e-18
5656.480000 1.980043e-16 8.566454e-18
5659.480000 1.883813e-16 8.524267e-18
5662.480000 1.812911e-16 8.491751e-18
5665.480000 1.757591e-16 8.503056e-18
5668.480000 1.738227e-16 8.619007e-18
5671.480000 1.669285e-16 8.627750e-18
5674.480000 1.723938e-16 8.763113e-18
5677.480000 1.659463e-16 8.837391e-18
5680.480000 1.597638e-16 8.939928e-18
5683.480000 1.585726e-16 9.018936e-18
5686.480000 1.535699e-16 9.022773e-18
5689.480000 1.507760e-16 9.189517e-18
5692.480000 1.517407e-16 9.449119e-18
5695.480000 1.434646e-16 9.462722e-18
5698.480000 1.465841e-16 9.675185e-18
5701.480000 1.514367e-16 9.996764e-18
5704.480000 1.473130e-16 1.011367e-17
5707.480000 1.507894e-16 1.023023e-17
5710.480000 1.487423e-16 1.045565e-17
5713.480000 1.463219e-16 1.065743e-17
5716.480000 1.355872e-16 1.047540e-17
5719.480000 1.456700e-16 1.033269e-17
5722.480000 1.595046e-16 1.012547e-17
5725.480000 1.724401e-16 9.965921e-18
5728.480000 1.505604e-16 9.600201e-18
5731.480000 1.566714e-16 9.290741e-18
5734.480000 1.498875e-16 9.026477e-18
5737.480000 1.463039e-16 8.821454e-18
5740.480000 1.593922e-16 8.735580e-18
5743.480000 1.662509e-16 8.626127e-18
5746.480000 1.676694e-16 8.411557e-18
5749.480000 1.740122e-16 8.253927e-18
5752.480000 1.682940e-16 8.045264e-18
5755.480000 1.751143e-16 7.950939e-18
5758.480000 1.878642e-16 7.907744e-18
5761.480000 1.929777e-16 7.832430e-18
5764.480000 1.858955e-16 7.694883e-18
5767.480000 1.836991e-16 7.599834e-18
5770.480000 1.940657e-16 7.630224e-18
5773.480000 2.020134e-16 7.602066e-18
5776.480000 2.126036e-16 7.607010e-18
5779.480000 2.230493e-16 7.665293e-18
5782.480000 2.182781e-16 7.688642e-18
5785.480000 2.014796e-16 7.603304e-18
5788.480000 2.044092e-16 7.632860e-18
5791.480000 2.203893e-16 7.788851e-18
5794.480000 2.290970e-16 7.926330e-18
5797.480000 2.300393e-16 8.025720e-18
5800.480000 2.259963e-16 8.099987e-18
5803.480000 2.242126e-16 8.243101e-18
5806.480000 2.395792e-16 8.474053e-18
5809.480000 2.411626e-16 8.621116e-18
5812.480000 2.385150e-16 8.756405e-18
5815.480000 2.419345e-16 8.939489e-18
5818.480000 2.469486e-16 9.087847e-18
5821.480000 2.478199e-16 9.245688e-18
5824.480000 2.528673e-16 9.497863e-18
5827.480000 2.474222e-16 9.710206e-18
5830.480000 2.481771e-16 9.907736e-18
5833.480000 2.280744e-16 9.950119e-18
5836.480000 2.186972e-16 1.004738e-17
5839.480000 2.243109e-16 1.025938e-17
5842.480000 2.069917e-16 1.007560e-17
5845.480000 2.338051e-16 9.971721e-18
5848.480000 2.499114e-16 9.805174e-18
5851.480000 2.458045e-16 9.590034e-18
5854.480000 2.409021e-16 9.251629e-18
5857.480000 2.438714e-16 9.111511e-18
5860.480000 2.463015e-16 8.993066e-18
5863.480000 2.447893e-16 8.908765e-18
5866.480000 2.527931e-16 8.925391e-18
5869.480000 2.374917e-16 8.692742e-18
5872.480000 2.456808e-16 8.479587e-18
5875.480000 2.371203e-16 8.142461e-18
5878.480000 2.293914e-16 7.942681e-18
5881.480000 2.387360e-16 7.980523e-18
5884.480000 2.436966e-16 8.127780e-18
5887.480000 2.374692e-16 8.419137e-18
5890.480000 2.292230e-16 8.617473e-18
5893.480000 2.237738e-16 8.452931e-18
5896.480000 2.356995e-16 8.176826e-18
5899.480000 2.340668e-16 7.826272e-18
5902.480000 2.262228e-16 7.491727e-18
5905.480000 2.316411e-16 7.384887e-18
5908.480000 2.343071e-16 7.386364e-18
5911.480000 2.351886e-16 7.453596e-18
5914.480000 2.286090e-16 7.540491e-18
5917.480000 2.167997e-16 7.548156e-18
5920.480000 2.207635e-16 7.556001e-18
5923.480000 2.327099e-16 7.610783e-18
5926.480000 2.286977e-16 7.757374e-18
5929.480000 2.256239e-16 7.915385e-18
5932.480000 2.383021e-16 8.149098e-18
5935.480000 2.315186e-16 8.231422e-18
5938.480000 2.257674e-16 8.305874e-18
5941.480000 2.335469e-16 8.397762e-18
5944.480000 2.110261e-16 8.458373e-18
5947.480000 2.181823e-16 8.737917e-18
5950.480000 2.317389e-16 9.079944e-18
5953.480000 2.292700e-16 9.255035e-18
5956.480000 2.297677e-16 9.523656e-18
5959.480000 2.246909e-16 9.662087e-18
5962.480000 2.233401e-16 9.858899e-18
5965.480000 2.217172e-16 9.849999e-18
5968.480000 2.116071e-16 9.742882e-18
5971.480000 2.071389e-16 9.232590e-18
5974.480000 1.976805e-16 8.931464e-18
5977.480000 2.049516e-16 8.768003e-18
5980.480000 2.033347e-16 8.535801e-18
5983.480000 2.029427e-16 8.250463e-18
5986.480000 2.053578e-16 8.009046e-18
5989.480000 2.005698e-16 7.806031e-18
5992.480000 2.104419e-16 7.668585e-18
5995.480000 2.155100e-16 7.567816e-18
5998.480000 2.134920e-16 7.450520e-18
6001.480000 2.163297e-16 7.319226e-18
6004.480000 2.228705e-16 7.264328e-18
6007.480000 2.157213e-16 7.143066e-18
6010.480000 2.097428e-16 6.949382e-18
6013.480000 2.016412e-16 6.825425e-18
6016.480000 1.976253e-16 6.747223e-18
6019.480000 2.083379e-16 6.710946e-18
6022.480000 2.154134e-16 6.607385e-18
6025.480000 2.079674e-16 6.569426e-18
6028.480000 1.949541e-16 6.503704e-18
6031.480000 1.969134e-16 6.523062e-18
6034.480000 2.059329e-16 6.582620e-18
6037.480000 2.076678e-16 6.577451e-18
6040.480000 2.065475e-16 6.590924e-18
6043.480000 1.976516e-16 6.584554e-18
6046.480000 1.959596e-16 6.626540e-18
6049.480000 2.035581e-16 6.693851e-18
6052.480000 2.052789e-16 6.834284e-18
6055.480000 2.053603e-16 6.983485e-18
6058.480000 2.011608e-16 7.094166e-18
6061.480000 2.163571e-16 7.308599e-18
6064.480000 2.130536e-16 7.428890e-18
6067.480000 2.063873e-16 7.560286e-18
6070.480000 2.074464e-16 7.644396e-18
6073.480000 2.078377e-16 7.783774e-18
6076.480000 2.279333e-16 8.002075e-18
6079.480000 2.239436e-16 8.158879e-18
6082.480000 2.155355e-16 8.323874e-18
6085.480000 2.170116e-16 8.505399e-18
6088.480000 2.221317e-16 8.683233e-18
6091.480000 2.251580e-16 8.817181e-18
6094.480000 2.100793e-16 8.583423e-18
6097.480000 2.087103e-16 8.298193e-18
6100.480000 2.198233e-16 8.223937e-18
6103.480000 2.308535e-16 8.119498e-18
6106.480000 2.305908e-16 7.958508e-18
6109.480000 2.184537e-16 7.645862e-18
6112.480000 2.225218e-16 7.486131e-18
6115.480000 2.350154e-16 7.399925e-18
6118.480000 2.371650e-16 7.268793e-18
6121.480000 2.258111e-16 7.028955e-18
6124.480000 2.346453e-16 6.942646e-18
6127.480000 2.409093e-16 6.817792e-18
6130.480000 2.400083e-16 6.729943e-18
6133.480000 2.322688e-16 6.599813e-18
6136.480000 2.193096e-16 6.501819e-18
6139.480000 2.116164e-16 6.438092e-18
6142.480000 2.225480e-16 6.461813e-18
6145.480000 2.246454e-16 6.398780e-18
6148.480000 2.283639e-16 6.360338e-18
6151.480000 2.229006e-16 6.276459e-18
6154.480000 2.097344e-16 6.183184e-18
6157.480000 2.128924e-16 6.240695e-18
6160.480000 2.265586e-16 6.290955e-18
6163.480000 2.305968e-16 6.282683e-18
6166.480000 2.227543e-16 6.328363e-18
6169.480000 2.202471e-16 6.420732e-18
6172.480000 2.197785e-16 6.510541e-18
6175.480000 2.214621e-16 6.597695e-18
6178.480000 2.235820e-16 6.652959e-18
6181.480000 2.132465e-16 6.651227e-18
6184.480000 2.150551e-16 6.804583e-18
6187.480000 2.194958e-16 6.919221e-18
6190.480000 2.247881e-16 7.091339e-18
6193.480000 2.353145e-16 7.287349e-18
6196.480000 2.273493e-16 7.405668e-18
6199.480000 2.150971e-16 7.562508e-18
6202.480000 2.259107e-16 7.733032e-18
6205.480000 2.293362e-16 7.969602e-18
6208.480000 2.318962e-16 8.132298e-18
6211.480000 2.318572e-16 8.246788e-18
6214.480000 2.283551e-16 8.431519e-18
6217.480000 2.324650e-16 8.537431e-18
6220.480000 2.248349e-16 8.327838e-18
6223.480000 2.192541e-16 8.089519e-18
6226.480000 2.233569e-16 7.972581e-18
6229.480000 2.219803e-16 7.819613e-18
6232.480000 2.216855e-16 7.836100e-18
6235.480000 2.181387e-16 7.960728e-18
6238.480000 2.175380e-16 7.811830e-18
6241.480000 2.094105e-16 7.426452e-18
6244.480000 2.293448e-16 7.157313e-18
6247.480000 2.203236e-16 6.859811e-18
6250.480000 2.040071e-16 6.637059e-18
6253.480000 2.075770e-16 6.697226e-18
6256.480000 2.082609e-16 6.727231e-18
6259.480000 2.055340e-16 6.640295e-18
6262.480000 1.989516e-16 6.400246e-18
6265.480000 1.903031e-16 6.187714e-18
6268.480000 1.799347e-16 5.984972e-18
6271.480000 1.726918e-16 5.785782e-18
6274.480000 1.715746e-16 5.744820e-18
6277.480000 1.537538e-16 5.610850e-18
6280.480000 1.418534e-16 5.513124e-18
6283.480000 1.427341e-16 5.595393e-18
6286.480000 1.446455e-16 5.783612e-18
6289.480000 1.358845e-16 5.969704e-18
6292.480000 1.245331e-16 6.499894e-18
6295.480000 1.275587e-16 7.941558e-18
6298.480000 1.392973e-16 9.609252e-18
6301.480000 1.195810e-16 9.997249e-18
6304.480000 8.594046e-17 8.753144e-18
6307.480000 1.000892e-16 7.236842e-18
6310.480000 1.136127e-16 6.363846e-18
6313.480000 1.069168e-16 6.056093e-18
6316.480000 9.853589e-17 5.894462e-18
6319.480000 9.613603e-17 6.057906e-18
6322.480000 9.029591e-17 6.473285e-18
6325.480000 8.046570e-17 7.449444e-18
6328.480000 7.860596e-17 8.593818e-18
6331.480000 7.731790e-17 7.969938e-18
6334.480000 7.478222e-17 6.714366e-18
6337.480000 8.352463e-17 6.632659e-18
6340.480000 7.220834e-17 6.686776e-18
6343.480000 7.592373e-17 6.714823e-18
6346.480000 7.910639e-17 6.663742e-18
6349.480000 6.896210e-17 6.511286e-18
6352.480000 6.059949e-17 6.437794e-18
6355.480000 5.762666e-17 6.550252e-18
6358.480000 5.453987e-17 6.844353e-18
6361.480000 5.046896e-17 7.410212e-18
6364.480000 5.472421e-17 7.752986e-18
6367.480000 6.690649e-17 7.189231e-18
6370.480000 7.086352e-17 6.141848e-18
6373.480000 6.634617e-17 5.510336e-18
6376.480000 6.243870e-17 5.251936e-18
6379.480000 6.044833e-17 5.143837e-18
6382.480000 6.810484e-17 5.126774e-18
6385.480000 6.971756e-17 5.075942e-18
6388.480000 6.693193e-17 4.965007e-18
6391.480000 6.590310e-17 4.878066e-18
6394.480000 5.695834e-17 4.735747e-18
6397.480000 5.999863e-17 4.665002e-18
6400.480000 6.210243e-17 4.611081e-18
6403.480000 6.090224e-17 4.610524e-18
6406.480000 6.297507e-17 4.654911e-18
6409.480000 6.920284e-17 4.712025e-18
6412.480000 7.341549e-17 4.760778e-18
6415.480000 7.585461e-17 4.826767e-18
6418.480000 7.918302e-17 4.940959e-18
6421.480000 7.376234e-17 5.027616e-18
6424.480000 7.202617e-17 5.148246e-18
6427.480000 6.959920e-17 6.424971e-18
6430.480000 8.834416e-17 7.139080e-18
6433.480000 9.255710e-17 7.204254e-18
6436.480000 9.728008e-17 6.327694e-18
6439.480000 1.009383e-16 6.480642e-18
6442.480000 9.475349e-17 6.316688e-18
6445.480000 1.054137e-16 5.864436e-18
6448.480000 1.025400e-16 5.866758e-18
6451.480000 1.010603e-16 6.002553e-18
6454.480000 9.886648e-17 6.164170e-18
6457.480000 9.433704e-17 6.345394e-18
6460.480000 9.829167e-17 6.593348e-18
6463.480000 9.653737e-17 6.960101e-18
6466.480000 1.018697e-16 7.233993e-18
6469.480000 1.022868e-16 7.212825e-18
6472.480000 1.156384e-16 7.026889e-18
6475.480000 1.185664e-16 6.741751e-18
6478.480000 1.142864e-16 6.457035e-18
6481.480000 1.262237e-16 6.297043e-18
6484.480000 1.390231e-16 6.175262e-18
6487.480000 1.444678e-16 6.065235e-18
6490.480000 1.389415e-16 5.936959e-18
6493.480000 1.356940e-16 5.948651e-18
6496.480000 1.384520e-16 6.054295e-18
6499.480000 1.427580e-16 6.109578e-18
6502.480000 1.491543e-16 6.006789e-18
6505.480000 1.574876e-16 5.790424e-18
6508.480000 1.600931e-16 5.568492e-18
6511.480000 1.673482e-16 5.455504e-18
6514.480000 1.677085e-16 5.377925e-18
6517.480000 1.629501e-16 5.299822e-18
6520.480000 1.689809e-16 5.298239e-18
6523.480000 1.705176e-16 5.328800e-18
6526.480000 1.782000e-16 5.377304e-18
6529.480000 1.937044e-16 5.495232e-18
6532.480000 1.944748e-16 5.595966e-18
6535.480000 1.913036e-16 5.595559e-18
6538.480000 1.937429e-16 5.550137e-18
6541.480000 1.947691e-16 5.597024e-18
6544.480000 1.915127e-16 5.693601e-18
6547.480000 1.999766e-16 5.801579e-18
6550.480000 2.089541e-16 5.999260e-18
6553.480000 2.248636e-16 6.159874e-18
6556.480000 2.212827e-16 6.103180e-18
6559.480000 2.150633e-16 6.047208e-18
6562.480000 2.162985e-16 6.123556e-18
6565.480000 2.189049e-16 6.230009e-18
6568.480000 2.233974e-16 6.409336e-18
6571.480000 2.267976e-16 6.634433e-18
6574.480000 2.269842e-16 6.818625e-18
6577.480000 2.173438e-16 6.968012e-18
6580.480000 2.200963e-16 7.049181e-18
6583.480000 2.192200e-16 7.071362e-18
6586.480000 2.246681e-16 7.191480e-18
6589.480000 2.308242e-16 7.366832e-18
6592.480000 2.287382e-16 7.494207e-18
6595.480000 2.346820e-16 7.522308e-18
6598.480000 2.306024e-16 7.403322e-18
6601.480000 2.289201e-16 7.232150e-18
6604.480000 2.204818e-16 6.997889e-18
6607.480000 2.292467e-16 6.871978e-18
6610.480000 2.451884e-16 6.721766e-18
6613.480000 2.324357e-16 6.459739e-18
6616.480000 2.295485e-16 6.284722e-18
6619.480000 2.363526e-16 6.144730e-18
6622.480000 2.460599e-16 6.083468e-18
6625.480000 2.366873e-16 5.953145e-18
6628.480000 2.343700e-16 5.853016e-18
6631.480000 2.295768e-16 5.764120e-18
6634.480000 2.291365e-16 5.681578e-18
6637.480000 2.327111e-16 5.603751e-18
6640.480000 2.312797e-16 5.494600e-18
6643.480000 2.269798e-16 5.384063e-18
6646.480000 2.268987e-16 5.337136e-18
6649.480000 2.312970e-16 5.340474e-18
6652.480000 2.378496e-16 5.358582e-18
6655.480000 2.306405e-16 5.359871e-18
6658.480000 2.207444e-16 5.335149e-18
6661.480000 2.267959e-16 5.327047e-18
6664.480000 2.359966e-16 5.380356e-18
6667.480000 2.423526e-16 5.446593e-18
6670.480000 2.389260e-16 5.442622e-18
6673.480000 2.261616e-16 5.431480e-18
6676.480000 2.205032e-16 5.462162e-18
6679.480000 2.261760e-16 5.657212e-18
6682.480000 2.285982e-16 5.787905e-18
6685.480000 2.290612e-16 5.880042e-18
6688.480000 2.320922e-16 5.989064e-18
6691.480000 2.409867e-16 6.149162e-18
6694.480000 2.485352e-16 6.190043e-18
6697.480000 2.341954e-16 6.205719e-18
6700.480000 2.256133e-16 6.324495e-18
6703.480000 2.242271e-16 6.447912e-18
6706.480000 2.234018e-16 6.555424e-18
6709.480000 2.217925e-16 6.662803e-18
6712.480000 2.277222e-16 6.870505e-18
6715.480000 2.243151e-16 7.182794e-18
6718.480000 2.159543e-16 7.239864e-18
6721.480000 2.192337e-16 7.167164e-18
6724.480000 2.138720e-16 6.983860e-18
6727.480000 2.155984e-16 6.798961e-18
6730.480000 2.196277e-16 6.541951e-18
6733.480000 2.117637e-16 6.347638e-18
6736.480000 2.182911e-16 6.189862e-18
6739.480000 2.197221e-16 6.095827e-18
6742.480000 2.181859e-16 5.971423e-18
6745.480000 2.164614e-16 5.805603e-18
6748.480000 2.200901e-16 5.728805e-18
6751.480000 2.170629e-16 5.694040e-18
6754.480000 2.169507e-16 5.685534e-18
6757.480000 2.159271e-16 5.517598e-18
6760.480000 2.147887e-16 5.300818e-18
6763.480000 2.092203e-16 5.193893e-18
6766.480000 2.011663e-16 5.088425e-18
6769.480000 2.021428e-16 5.026589e-18
6772.480000 2.040217e-16 4.981722e-18
6775.480000 2.048598e-16 4.942031e-18
6778.480000 2.103835e-16 4.933153e-18
6781.480000 2.108645e-16 4.930816e-18
6784.480000 2.061076e-16 4.932569e-18
6787.480000 2.042037e-16 4.961410e-18
6790.480000 2.003084e-16 4.970492e-18
6793.480000 1.972402e-16 4.964885e-18
6796.480000 1.935362e-16 4.989614e-18
6799.480000 1.935603e-16 5.042025e-18
6802.480000 1.861662e-16 5.059337e-18
6805.480000 1.836401e-16 5.113692e-18
6808.480000 1.883226e-16 5.205586e-18
6811.480000 1.855991e-16 5.262567e-18
6814.480000 1.857775e-16 5.379880e-18
6817.480000 1.806456e-16 5.501743e-18
6820.480000 1.814808e-16 5.647833e-18
6823.480000 1.821516e-16 6.004715e-18
6826.480000 1.833223e-16 6.613985e-18
6829.480000 1.995620e-16 7.197679e-18
6832.480000 2.075224e-16 7.410480e-18
6835.480000 1.876602e-16 7.261643e-18
6838.480000 1.835917e-16 7.078847e-18
6841.480000 1.894982e-16 6.962281e-18
6844.480000 1.762925e-16 6.811063e-18
6847.480000 1.699466e-16 6.563634e-18
6850.480000 1.763768e-16 6.378438e-18
6853.480000 1.819554e-16 6.254627e-18
6856.480000 1.770394e-16 6.206275e-18
6859.480000 1.778256e-16 6.481383e-18
6862.480000 1.607645e-16 6.952998e-18
6865.480000 1.607990e-16 7.365923e-18
6868.480000 1.662293e-16 7.200221e-18
6871.480000 1.790491e-16 6.762633e-18
6874.480000 1.662686e-16 6.229911e-18
6877.480000 1.601999e-16 5.801759e-18
6880.480000 1.634090e-16 5.642840e-18
6883.480000 1.723546e-16 5.562749e-18
6886.480000 1.700091e-16 5.493256e-18
6889.480000 1.713655e-16 5.437794e-18
6892.480000 1.738180e-16 5.383942e-18
6895.480000 1.683782e-16 5.221343e-18
6898.480000 1.657806e-16 5.168718e-18
6901.480000 1.716016e-16 5.190956e-18
6904.480000 1.700228e-16 5.088420e-18
6907.480000 1.659163e-16 5.003198e-18
6910.480000 1.634231e-16 5.045243e-18
6913.480000 1.663141e-16 5.100690e-18
6916.480000 1.728200e-16 5.114201e-18
6919.480000 1.676535e-16 5.207227e-18
6922.480000 1.598964e-16 5.358713e-18
6925.480000 1.574536e-16 5.319538e-18
6928.480000 1.593325e-16 5.121319e-18
6931.480000 1.603220e-16 5.022559e-18
6934.480000 1.616928e-16 5.132603e-18
6937.480000 1.553094e-16 5.346003e-18
6940.480000 1.527348e-16 5.570034e-18
6943.480000 1.537997e-16 5.751654e-18
6946.480000 1.602440e-16 6.110324e-18
6949.480000 1.583983e-16 6.332476e-18
6952.480000 1.491315e-16 6.212054e-18
6955.480000 1.461945e-16 6.016743e-18
6958.480000 1.549358e-16 5.931540e-18
6961.480000 1.529267e-16 5.952546e-18
6964.480000 1.491950e-16 6.118018e-18
6967.480000 1.546906e-16 6.496031e-18
6970.480000 1.589049e-16 6.969917e-18
6973.480000 1.592629e-16 7.436284e-18
6976.480000 1.528562e-16 7.134176e-18
6979.480000 1.477796e-16 6.870496e-18
6982.480000 1.530054e-16 6.271769e-18
6985.480000 1.465566e-16 6.330913e-18
6988.480000 1.552169e-16 5.826762e-18
6991.480000 1.658743e-16 5.396156e-18
6994.480000 1.531167e-16 5.187799e-18
6997.480000 1.589229e-16 5.134365e-18
7000.480000 1.566914e-16 5.075514e-18
7003.480000 1.387522e-16 4.957142e-18
7006.480000 1.388740e-16 4.872302e-18
7009.480000 1.423030e-16 4.828818e-18
7012.480000 1.371359e-16 4.733264e-18
7015.480000 1.409366e-16 4.625226e-18
7018.480000 1.497058e-16 4.505989e-18
7021.480000 1.450131e-16 4.400392e-18
7024.480000 1.347596e-16 4.329376e-18
7027.480000 1.318895e-16 4.299343e-18
7030.480000 1.318218e-16 4.292013e-18
7033.480000 1.334686e-16 4.300157e-18
7036.480000 1.339875e-16 4.307000e-18
7039.480000 1.362757e-16 4.367720e-18
7042.480000 1.335610e-16 4.456504e-18
7045.480000 1.294017e-16 4.550643e-18
7048.480000 1.264343e-16 4.632555e-18
7051.480000 1.271344e-16 4.649745e-18
7054.480000 1.283011e-16 4.628118e-18
7057.480000 1.244355e-16 4.634144e-18
7060.480000 1.293493e-16 4.704487e-18
7063.480000 1.300852e-16 4.796329e-18
7066.480000 1.282038e-16 4.894800e-18
7069.480000 1.342269e-16 5.008980e-18
7072.480000 1.319808e-16 5.111378e-18
7075.480000 1.225577e-16 5.206717e-18
7078.480000 1.187959e-16 5.614982e-18
7081.480000 1.250079e-16 5.967857e-18
7084.480000 1.380945e-16 5.645742e-18
7087.480000 1.305086e-16 5.713360e-18
7090.480000 1.260623e-16 5.802761e-18
7093.480000 1.324227e-16 5.904509e-18
7096.480000 1.370086e-16 5.891119e-18
7099.480000 1.297793e-16 5.730423e-18
7102.480000 1.219209e-16 5.543661e-18
7105.480000 1.223757e-16 5.400923e-18
7108.480000 1.255316e-16 5.284842e-18
7111.480000 1.323639e-16 5.199506e-18
7114.480000 1.346929e-16 5.077470e-18
7117.480000 1.317102e-16 4.968113e-18
7120.480000 1.388616e-16 4.910911e-18
7123.480000 1.304388e-16 4.778614e-18
7126.480000 1.184160e-16 4.646306e-18
7129.480000 1.206581e-16 4.586066e-18
7132.480000 1.258257e-16 4.533358e-18
7135.480000 1.207134e-16 4.477590e-18
7138.480000 1.190188e-16 4.417522e-18
7141.480000 1.141250e-16 4.383629e-18
7144.480000 1.155521e-16 4.393913e-18
7147.480000 1.206244e-16 4.374424e-18
7150.480000 1.212298e-16 4.404597e-18
7153.480000 1.191308e-16 4.350065e-18
7156.480000 1.164430e-16 4.257706e-18
7159.480000 1.152259e-16 4.232642e-18
7162.480000 1.176016e-16 4.219549e-18
7165.480000 1.192588e-16 4.198275e-18
7168.480000 1.187663e-16 4.184918e-18
7171.480000 1.189795e-16 4.213552e-18
7174.480000 1.187192e-16 4.244819e-18
7177.480000 1.180527e-16 4.256643e-18
7180.480000 1.177751e-16 4.293803e-18
7183.480000 1.139750e-16 4.323972e-18
7186.480000 1.133734e-16 4.333143e-18
7189.480000 1.110206e-16 4.351372e-18
7192.480000 1.126155e-16 4.432308e-18
7195.480000 1.105758e-16 4.540558e-18
7198.480000 1.074337e-16 4.605109e-18
7201.480000 1.046886e-16 4.681605e-18
7204.480000 9.969057e-17 4.742707e-18
7207.480000 1.007451e-16 4.860218e-18
7210.480000 1.031148e-16 5.022012e-18
7213.480000 1.079260e-16 5.204814e-18
7216.480000 1.125382e-16 5.370730e-18
7219.480000 1.079262e-16 5.502020e-18
7222.480000 1.009523e-16 5.589192e-18
7225.480000 9.816951e-17 5.399578e-18
7228.480000 1.013065e-16 5.530722e-18
7231.480000 1.070100e-16 5.353809e-18
7234.480000 1.008430e-16 5.650458e-18
7237.480000 1.015716e-16 6.396592e-18
7240.480000 1.153518e-16 7.162449e-18
7243.480000 1.109355e-16 7.360372e-18
7246.480000 1.095685e-16 6.938807e-18
7249.480000 1.084798e-16 6.084299e-18
7252.480000 1.001652e-16 5.320276e-18
7255.480000 9.901697e-17 4.915986e-18
7258.480000 1.086371e-16 4.660635e-18
7261.480000 1.132371e-16 4.423799e-18
7264.480000 1.108421e-16 4.320284e-18
7267.480000 1.074439e-16 4.396274e-18
7270.480000 1.008992e-16 4.751536e-18
7273.480000 1.077190e-16 5.474668e-18
7276.480000 1.213283e-16 6.049037e-18
7279.480000 1.192769e-16 5.950616e-18
7282.480000 1.045087e-16 5.432078e-18
7285.480000 9.784721e-17 5.016981e-18
7288.480000 1.007985e-16 4.656504e-18
7291.480000 1.023333e-16 4.370249e-18
7294.480000 1.036971e-16 4.353838e-18
7297.480000 1.041609e-16 4.444722e-18
7300.480000 1.083874e-16 4.605662e-18
7303.480000 1.111577e-16 4.755921e-18
7306.480000 1.084183e-16 4.783803e-18
7309.480000 1.026866e-16 4.874593e-18
7312.480000 9.868251e-17 5.438691e-18
7315.480000 1.087584e-16 6.143475e-18
7318.480000 1.104391e-16 6.138425e-18
7321.480000 1.037067e-16 5.534447e-18
7324.480000 1.056417e-16 5.314448e-18
7327.480000 1.065417e-16 5.637488e-18
7330.480000 1.067090e-16 5.884985e-18
7333.480000 1.000044e-16 5.921251e-18
7336.480000 1.066578e-16 6.465761e-18
7339.480000 1.064109e-16 7.453515e-18
7342.480000 1.049053e-16 7.809685e-18
7345.480000 1.032291e-16 7.162454e-18
7348.480000 1.029338e-16 6.181980e-18
7351.480000 1.051963e-16 5.700236e-18
7354.480000 9.809316e-17 5.667423e-18
7357.480000 1.098787e-16 5.926025e-18
7360.480000 1.063684e-16 5.971293e-18
7363.480000 1.004629e-16 5.762309e-18
7366.480000 1.043574e-16 5.951915e-18
7369.480000 1.061852e-16 6.340016e-18
7372.480000 1.150448e-16 6.152243e-18
7375.480000 1.056050e-16 5.307830e-18
7378.480000 1.024543e-16 4.703141e-18
7381.480000 1.067959e-16 4.450828e-18
7384.480000 1.085969e-16 4.346324e-18
7387.480000 1.088237e-16 4.424224e-18
7390.480000 1.141849e-16 4.539672e-18
7393.480000 1.044334e-16 4.592045e-18
7396.480000 9.885210e-17 4.582876e-18
7399.480000 1.037523e-16 4.735120e-18
7402.480000 1.034253e-16 4.891491e-18
7405.480000 1.020638e-16 4.652450e-18
7408.480000 1.017977e-16 4.249797e-18
7411.480000 1.042105e-16 4.068097e-18
7414.480000 1.143468e-16 4.047013e-18
7417.480000 1.133583e-16 4.025886e-18
7420.480000 1.086644e-16 4.135099e-18
7423.480000 1.023700e-16 4.407359e-18
7426.480000 9.971792e-17 4.633786e-18
7429.480000 1.013813e-16 4.476086e-18
7432.480000 9.711083e-17 4.492604e-18
7435.480000 9.717181e-17 4.695659e-18
7438.480000 1.041477e-16 4.877039e-18
7441.480000 1.134687e-16 4.825328e-18
7444.480000 1.107721e-16 4.608205e-18
7447.480000 9.761415e-17 4.477275e-18
7450.480000 1.015862e-16 4.555091e-18
7453.480000 1.093353e-16 4.715516e-18
7456.480000 1.065637e-16 4.823510e-18
7459.480000 1.040482e-16 5.025579e-18
7462.480000 1.092423e-16 5.266757e-18
7465.480000 1.116468e-16 5.567807e-18
7468.480000 1.013047e-16 5.830147e-18
7471.480000 1.015944e-16 6.139708e-18
7474.480000 9.898768e-17 6.185804e-18
7477.480000 9.902692e-17 6.013198e-18
7480.480000 1.010620e-16 5.970810e-18
7483.480000 1.049413e-16 5.806653e-18
7486.480000 1.051895e-16 5.449335e-18
7489.480000 1.001140e-16 4.995930e-18
7492.480000 9.230903e-17 4.748288e-18
7495.480000 9.172360e-17 4.607385e-18
7498.480000 9.946195e-17 4.487992e-18
7501.480000 9.858635e-17 4.330779e-18
7504.480000 9.908737e-17 4.232568e-18
7507.480000 9.610930e-17 4.134550e-18
7510.480000 9.879318e-17 4.093493e-18
7513.480000 9.308595e-17 4.086155e-18
7516.480000 8.573255e-17 4.192383e-18
7519.480000 9.058035e-17 4.491765e-18
7522.480000 1.053586e-16 4.918095e-18
7525.480000 1.212060e-16 5.098138e-18
7528.480000 1.109210e-16 4.821231e-18
7531.480000 9.334648e-17 4.407080e-18
7534.480000 1.014904e-16 4.142008e-18
7537.480000 1.054862e-16 3.995215e-18
7540.480000 1.007067e-16 3.940984e-18
7543.480000 9.845943e-17 3.901895e-18
7546.480000 9.571865e-17 3.877118e-18
7549.480000 9.909396e-17 3.932300e-18
7552.480000 9.937813e-17 4.035379e-18
7555.480000 9.447911e-17 4.173614e-18
7558.480000 9.783968e-17 4.287379e-18
7561.480000 1.013330e-16 4.323268e-18
7564.480000 9.713657e-17 4.426281e-18
7567.480000 9.465926e-17 4.766688e-18
7570.480000 9.643655e-17 5.259796e-18
7573.480000 1.007929e-16 5.421676e-18
7576.480000 9.966252e-17 5.112673e-18
7579.480000 9.698335e-17 4.842832e-18
7582.480000 9.525083e-17 4.934638e-18
7585.480000 1.034988e-16 5.258665e-18
7588.480000 9.589818e-17 5.584004e-18
7591.480000 9.265813e-17 5.980537e-18
7594.480000 8.107104e-17 7.100004e-18
7597.480000 8.762518e-17 9.032332e-18
7600.480000 8.499346e-17 1.124529e-17
7603.480000 5.643923e-17 1.115731e-17
7606.480000 6.001844e-17 1.074081e-17
7609.480000 6.852164e-17 9.235382e-18
7612.480000 7.362373e-17 7.927700e-18
7615.480000 8.114280e-17 6.849493e-18
7618.480000 9.532631e-17 6.685471e-18
7621.480000 8.513576e-17 6.377793e-18
7624.480000 7.781223e-17 6.621327e-18
7627.480000 7.056718e-17 6.922702e-18
7630.480000 8.080357e-17 6.973816e-18
7633.480000 7.516326e-17 6.478768e-18
7636.480000 6.999925e-17 5.863001e-18
7639.480000 7.354500e-17 5.448203e-18
7642.480000 8.283623e-17 5.166731e-18
7645.480000 8.833424e-17 4.906691e-18
7648.480000 8.140424e-17 4.702820e-18
7651.480000 7.273411e-17 4.541272e-18
7654.480000 7.885297e-17 4.486333e-18
7657.480000 8.030602e-17 4.403672e-18
7660.480000 8.309925e-17 4.383181e-18
7663.480000 8.335453e-17 4.334111e-18
7666.480000 7.964012e-17 4.157258e-18
7669.480000 7.585458e-17 3.975033e-18
7672.480000 7.203451e-17 3.890602e-18
7675.480000 7.487300e-17 3.902063e-18
7678.480000 7.674206e-17 3.957053e-18
7681.480000 7.767869e-17 4.051891e-18
7684.480000 7.983821e-17 4.175430e-18
7687.480000 8.579712e-17 4.302071e-18
7690.480000 8.279376e-17 4.328952e-18
7693.480000 7.611222e-17 4.397424e-18
7696.480000 6.928440e-17 4.468266e-18
7699.480000 6.906574e-17 4.549080e-18
7702.480000 7.471213e-17 4.800272e-18
7705.480000 6.641487e-17 5.193066e-18
7708.480000 7.210090e-17 6.278549e-18
7711.480000 8.120276e-17 7.917373e-18
7714.480000 9.571679e-17 8.958050e-18
7717.480000 8.570141e-17 8.871481e-18
7720.480000 6.642639e-17 7.879779e-18
7723.480000 5.625027e-17 6.824235e-18
7726.480000 6.606847e-17 6.258400e-18
7729.480000 5.819397e-17 5.682590e-18
7732.480000 6.105581e-17 5.230350e-18
7735.480000 6.236724e-17 5.019735e-18
7738.480000 5.667117e-17 4.854179e-18
7741.480000 5.796970e-17 4.838014e-18
7744.480000 5.651400e-17 5.207840e-18
7747.480000 6.631354e-17 6.205825e-18
7750.480000 9.491594e-17 7.330100e-18
7753.480000 6.966179e-17 7.125240e-18
7756.480000 3.568685e-17 5.994668e-18
7759.480000 5.258967e-17 5.413642e-18
7762.480000 6.142272e-17 5.157191e-18
7765.480000 4.862179e-17 4.621522e-18
7768.480000 5.302785e-17 4.414485e-18
7771.480000 6.405247e-17 4.725145e-18
7774.480000 7.310001e-17 5.003487e-18
7777.480000 7.210867e-17 4.954909e-18
7780.480000 6.827401e-17 4.729624e-18
7783.480000 6.082813e-17 4.475037e-18
7786.480000 5.030755e-17 4.362962e-18
7789.480000 4.604632e-17 4.809525e-18
7792.480000 6.869399e-17 5.639276e-18
7795.480000 8.278517e-17 5.886262e-18
7798.480000 6.985241e-17 5.220230e-18
7801.480000 6.221755e-17 4.542598e-18
7804.480000 5.986196e-17 4.601184e-18
7807.480000 7.173213e-17 5.084743e-18
7810.480000 7.507327e-17 5.197545e-18
7813.480000 6.160233e-17 5.088682e-18
7816.480000 6.350268e-17 5.545392e-18
7819.480000 8.186931e-17 6.720789e-18
7822.480000 9.593348e-17 7.230010e-18
7825.480000 7.597269e-17 6.377870e-18
7828.480000 5.948742e-17 5.232296e-18
7831.480000 4.800218e-17 4.790023e-18
7834.480000 6.304502e-17 4.994948e-18
7837.480000 7.637296e-17 5.533720e-18
7840.480000 7.960552e-17 6.133590e-18
7843.480000 7.486456e-17 6.370084e-18
7846.480000 6.521794e-17 6.537653e-18
7849.480000 6.107230e-17 7.478635e-18
7852.480000 9.920751e-17 8.811165e-18
7855.480000 9.529627e-17 8.889583e-18
7858.480000 7.964331e-17 7.850774e-18
7861.480000 8.400192e-17 6.950326e-18
7864.480000 7.383493e-17 6.293535e-18
7867.480000 7.770222e-17 6.161646e-18
7870.480000 8.217761e-17 6.351214e-18
7873.480000 7.502752e-17 6.096705e-18
7876.480000 5.717659e-17 5.566920e-18
7879.480000 7.450957e-17 5.582916e-18
7882.480000 8.140560e-17 5.597611e-18
7885.480000 7.872541e-17 5.473752e-18
7888.480000 8.544514e-17 5.663835e-18
7891.480000 8.981113e-17 5.702864e-18
7894.480000 8.204123e-17 5.151431e-18
7897.480000 7.280153e-17 4.435112e-18
7900.480000 6.627999e-17 4.091505e-18
7903.480000 6.559735e-17 4.084605e-18
7906.480000 6.097104e-17 4.451247e-18
7909.480000 7.114825e-17 5.409450e-18
7912.480000 1.014560e-16 6.564365e-18
7915.480000 9.972048e-17 6.910287e-18
7918.480000 8.024616e-17 6.415040e-18
7921.480000 8.270547e-17 5.941727e-18
7924.480000 7.863184e-17 5.376908e-18
7927.480000 8.322077e-17 5.099580e-18
7930.480000 1.014315e-16 5.295916e-18
7933.480000 9.293527e-17 5.151133e-18
7936.480000 7.355263e-17 4.659609e-18
7939.480000 7.512439e-17 4.398234e-18
7942.480000 7.777983e-17 4.528724e-18
7945.480000 8.233043e-17 4.930196e-18
7948.480000 9.030813e-17 5.359218e-18
7951.480000 8.860995e-17 5.343322e-18
7954.480000 8.163317e-17 5.090892e-18
7957.480000 7.972277e-17 5.207171e-18
7960.480000 8.049987e-17 6.189075e-18
7963.480000 1.056608e-16 7.625237e-18
7966.480000 1.056949e-16 8.037696e-18
7969.480000 7.075306e-17 7.030987e-18
7972.480000 6.159636e-17 6.162007e-18
7975.480000 7.889259e-17 6.369299e-18
7978.480000 8.997803e-17 6.872487e-18
7981.480000 8.396521e-17 6.613612e-18
7984.480000 8.264310e-17 5.954669e-18
7987.480000 8.098110e-17 5.838511e-18
7990.480000 9.520609e-17 6.774826e-18
7993.480000 1.104644e-16 7.671044e-18
7996.480000 9.533600e-17 7.209103e-18
7999.480000 6.786157e-17 5.740067e-18
8002.480000 7.382722e-17 4.771654e-18
8005.480000 7.808405e-17 4.461530e-18
8008.480000 8.612148e-17 4.506624e-18
8011.480000 8.304027e-17 4.735904e-18
8014.480000 8.837704e-17 5.014681e-18
8017.480000 7.918571e-17 4.980422e-18
8020.480000 6.856606e-17 4.965676e-18
8023.480000 8.189640e-17 5.487033e-18
8026.480000 1.103620e-16 5.957273e-18
8029.480000 9.047059e-17 5.508272e-18
8032.480000 5.821889e-17 4.584647e-18
8035.480000 6.820413e-17 4.063759e-18
8038.480000 7.926130e-17 3.929897e-18
8041.480000 8.281351e-17 3.905641e-18
8044.480000 7.582560e-17 3.925402e-18
8047.480000 7.614670e-17 4.100448e-18
8050.480000 8.666761e-17 4.410454e-18
8053.480000 8.375376e-17 4.511418e-18
8056.480000 8.364402e-17 4.585487e-18
8059.480000 9.675956e-17 4.970114e-18
8062.480000 1.052057e-16 5.275625e-18
8065.480000 8.742765e-17 4.986104e-18
8068.480000 8.032371e-17 4.543625e-18
8071.480000 8.364462e-17 4.428044e-18
8074.480000 7.426638e-17 4.465665e-18
8077.480000 7.728052e-17 4.608175e-18
8080.480000 7.511669e-17 4.700770e-18
8083.480000 7.242231e-17 4.803105e-18
8086.480000 7.367591e-17 4.973237e-18
8089.480000 7.563123e-17 5.096578e-18
8092.480000 8.074028e-17 5.324423e-18
8095.480000 8.233683e-17 5.573710e-18
8098.480000 7.240240e-17 5.731414e-18
8101.480000 7.451928e-17 5.908970e-18
8104.480000 7.755209e-17 5.838822e-18
8107.480000 6.913228e-17 5.406760e-18
8110.480000 7.354833e-17 5.003220e-18
8113.480000 8.162055e-17 4.852847e-18
8116.480000 7.749747e-17 4.679034e-18
8119.480000 8.375750e-17 4.601743e-18
8122.480000 8.314452e-17 4.547349e-18
8125.480000 7.904371e-17 4.442756e-18
8128.480000 7.725222e-17 4.368794e-18
8131.480000 7.827870e-17 4.322005e-18
8134.480000 8.172893e-17 4.273784e-18
8137.480000 7.744545e-17 4.253550e-18
8140.480000 7.506550e-17 4.233638e-18
8143.480000 7.171394e-17 4.159075e-18
8146.480000 7.403256e-17 4.154563e-18
8149.480000 7.098650e-17 4.056643e-18
8152.480000 6.757914e-17 3.905777e-18
8155.480000 7.010943e-17 3.818695e-18
8158.480000 6.846347e-17 3.747774e-18
8161.480000 6.949481e-17 3.708484e-18
8164.480000 7.155063e-17 3.719865e-18
8167.480000 6.804761e-17 3.748353e-18
8170.480000 6.837632e-17 3.806270e-18
8173.480000 6.943951e-17 3.826157e-18
8176.480000 7.368648e-17 3.856152e-18
8179.480000 7.709789e-17 3.920944e-18
8182.480000 7.625618e-17 3.941052e-18
8185.480000 7.655435e-17 4.042156e-18
8188.480000 8.015195e-17 4.152639e-18
8191.480000 8.139545e-17 4.222320e-18
8194.480000 8.428756e-17 4.330507e-18
8197.480000 7.990448e-17 4.368598e-18
8200.480000 7.951578e-17 4.435268e-18
8203.480000 8.165806e-17 4.540809e-18
8206.480000 7.786749e-17 4.724113e-18
8209.480000 8.099968e-17 4.849874e-18
8212.480000 7.716268e-17 4.856476e-18
8215.480000 6.671744e-17 4.873370e-18
8218.480000 7.085285e-17 5.002399e-18
8221.480000 7.009482e-17 5.105654e-18
8224.480000 7.487239e-17 5.197109e-18
8227.480000 6.896618e-17 5.143243e-18
8230.480000 6.321530e-17 5.007375e-18
8233.480000 6.333836e-17 4.926552e-18
8236.480000 5.890594e-17 4.827964e-18
8239.480000 6.979144e-17 4.856888e-18
8242.480000 7.303208e-17 4.838595e-18
8245.480000 8.291167e-17 4.822478e-18
8248.480000 7.965477e-17 4.736102e-18
8251.480000 7.148606e-17 4.625485e-18
8254.480000 6.776912e-17 4.455992e-18
8257.480000 6.902447e-17 4.314417e-18
8260.480000 7.174447e-17 4.213718e-18
8263.480000 7.286590e-17 4.141226e-18
8266.480000 7.185016e-17 4.165509e-18
8269.480000 7.737771e-17 4.170154e-18
8272.480000 8.206020e-17 4.311918e-18
8275.480000 8.298484e-17 4.830152e-18
8278.480000 9.338493e-17 5.663295e-18
8281.480000 9.762929e-17 6.280570e-18
8284.480000 9.170672e-17 6.502100e-18
8287.480000 9.271587e-17 6.645019e-18
8290.480000 8.477312e-17 6.501140e-18
8293.480000 7.605626e-17 6.258673e-18
8296.480000 8.943685e-17 6.641863e-18
8299.480000 8.352793e-17 6.797125e-18
8302.480000 6.433066e-17 6.006245e-18
8305.480000 5.491899e-17 5.129975e-18
8308.480000 6.286205e-17 5.064023e-18
8311.480000 7.095691e-17 5.193645e-18
8314.480000 7.092826e-17 4.959932e-18
8317.480000 7.648416e-17 4.644096e-18
8320.480000 7.891237e-17 4.521378e-18
8323.480000 7.262560e-17 4.463205e-18
8326.480000 6.255313e-17 4.477422e-18
8329.480000 6.351796e-17 4.614994e-18
8332.480000 6.644458e-17 4.896222e-18
8335.480000 6.949943e-17 5.486183e-18
8338.480000 5.607063e-17 6.942314e-18
8341.480000 8.939122e-17 9.829201e-18
8344.480000 1.301243e-16 1.206233e-17
8347.480000 8.125431e-17 1.158909e-17
8350.480000 7.040384e-17 9.885270e-18
8353.480000 8.371069e-17 8.911430e-18
8356.480000 6.049907e-17 7.759900e-18
8359.480000 5.440986e-17 6.625811e-18
8362.480000 6.774822e-17 6.310369e-18
8365.480000 6.940240e-17 6.318016e-18
8368.480000 5.224566e-17 5.771800e-18
8371.480000 5.678058e-17 5.130611e-18
8374.480000 6.321929e-17 4.948563e-18
8377.480000 6.873612e-17 5.257809e-18
8380.480000 7.039262e-17 5.943323e-18
8383.480000 6.499556e-17 6.857142e-18
8386.480000 5.496699e-17 6.801339e-18
8389.480000 5.652469e-17 5.597549e-18
8392.480000 5.702283e-17 5.218885e-18
8395.480000 6.950911e-17 6.295991e-18
8398.480000 7.132555e-17 7.664061e-18
8401.480000 5.086514e-17 7.661711e-18
8404.480000 3.253929e-17 6.157527e-18
8407.480000 3.903291e-17 4.783818e-18
8410.480000 5.289255e-17 4.758375e-18
8413.480000 6.559812e-17 5.435759e-18
8416.480000 5.603683e-17 5.690859e-18
8419.480000 4.376774e-17 5.229935e-18
8422.480000 4.140360e-17 5.073412e-18
8425.480000 6.508537e-17 6.304274e-18
8428.480000 1.171465e-16 8.110318e-18
8431.480000 9.957307e-17 8.443778e-18
8434.480000 4.321335e-17 6.936802e-18
8437.480000 4.225032e-17 5.253603e-18
8440.480000 5.560104e-17 4.640919e-18
8443.480000 7.031131e-17 4.815663e-18
8446.480000 8.462449e-17 5.365595e-18
8449.480000 9.112271e-17 6.170183e-18
8452.480000 7.162887e-17 6.586780e-18
8455.480000 3.806625e-17 6.221195e-18
8458.480000 3.647486e-17 6.076906e-18
8461.480000 7.931263e-17 7.518381e-18
8464.480000 1.037666e-16 9.273709e-18
8467.480000 4.736794e-17 9.220040e-18
8470.480000 3.442838e-17 7.484508e-18
8473.480000 5.871622e-17 6.211275e-18
8476.480000 6.279025e-17 5.851591e-18
8479.480000 5.925560e-17 5.614002e-18
8482.480000 5.895054e-17 5.389573e-18
8485.480000 5.445060e-17 5.230178e-18
8488.480000 4.476598e-17 5.339025e-18
8491.480000 4.738323e-17 5.898227e-18
8494.480000 5.480058e-17 6.236551e-18
8497.480000 5.329406e-17 5.962243e-18
8500.480000 5.501720e-17 5.898652e-18
8503.480000 5.175355e-17 6.565564e-18
8506.480000 4.552461e-17 6.756578e-18
8509.480000 4.545395e-17 5.794602e-18
8512.480000 4.362993e-17 4.656372e-18
8515.480000 4.271274e-17 4.157796e-18
8518.480000 5.204229e-17 4.077305e-18
8521.480000 5.292236e-17 4.031174e-18
8524.480000 5.019973e-17 3.964565e-18
8527.480000 4.329750e-17 3.883755e-18
8530.480000 4.329123e-17 3.891763e-18
8533.480000 4.413194e-17 3.987740e-18
8536.480000 4.534391e-17 4.232862e-18
8539.480000 4.839380e-17 4.404074e-18
8542.480000 4.454010e-17 4.406511e-18
8545.480000 4.360972e-17 4.631698e-18
8548.480000 4.387171e-17 4.926423e-18
8551.480000 4.030444e-17 4.778341e-18
8554.480000 3.713260e-17 4.310719e-18
8557.480000 3.395657e-17 3.986013e-18
8560.480000 3.839218e-17 3.958255e-18
8563.480000 4.175898e-17 4.015452e-18
8566.480000 4.206104e-17 4.128954e-18
8569.480000 4.055648e-17 4.238599e-18
8572.480000 3.986106e-17 4.346235e-18
8575.480000 4.279924e-17 4.463887e-18
8578.480000 4.714076e-17 4.546813e-18
8581.480000 4.279470e-17 4.616958e-18
8584.480000 4.275295e-17 4.856592e-18
8587.480000 3.985500e-17 5.176832e-18
8590.480000 3.213814e-17 5.348463e-18
8593.480000 3.832850e-17 5.539192e-18
8596.480000 3.633552e-17 5.766746e-18
8599.480000 4.622861e-17 5.875381e-18
8602.480000 4.759195e-17 5.658275e-18
8605.480000 3.947324e-17 5.407520e-18
8608.480000 3.924302e-17 5.487964e-18
8611.480000 4.152457e-17 5.721000e-18
8614.480000 4.848342e-17 6.104094e-18
8617.480000 3.915531e-17 6.606627e-18
8620.480000 3.750471e-17 7.126207e-18
8623.480000 4.757477e-17 7.639787e-18
8626.480000 3.890131e-17 7.971600e-18
8629.480000 3.844309e-17 8.200757e-18
8632.480000 2.869436e-17 8.737051e-18
8635.480000 2.418895e-17 8.557642e-18
8638.480000 3.262127e-17 7.164985e-18
8641.480000 4.170734e-17 6.023049e-18
8644.480000 4.675066e-17 5.619121e-18
8647.480000 4.718402e-17 5.852375e-18
8650.480000 5.644336e-17 6.412095e-18
8653.480000 6.537010e-17 6.836329e-18
8656.480000 6.375029e-17 7.003633e-18
8659.480000 6.584602e-17 7.012454e-18
8662.480000 6.683967e-17 6.881004e-18
8665.480000 5.361058e-17 6.677335e-18
8668.480000 4.103165e-17 6.458111e-18
8671.480000 4.621812e-17 6.205035e-18
8674.480000 4.539381e-17 5.892795e-18
8677.480000 4.091078e-17 5.620964e-18
8680.480000 4.152804e-17 5.407034e-18
8683.480000 4.057257e-17 5.188797e-18
8686.480000 4.147193e-17 5.012520e-18
8689.480000 5.733425e-17 4.931237e-18
8692.480000 5.857788e-17 4.850746e-18
8695.480000 4.845935e-17 4.845651e-18
8698.480000 4.458669e-17 4.874321e-18
8701.480000 5.156474e-17 4.980043e-18
8704.480000 4.951254e-17 5.036048e-18
8707.480000 5.157852e-17 5.176353e-18
8710.480000 5.601065e-17 5.208672e-18
8713.480000 5.463674e-17 5.495904e-18
8716.480000 5.091650e-17 5.356205e-18
8719.480000 5.184020e-17 5.304626e-18
8722.480000 5.734620e-17 5.391100e-18
8725.480000 5.774477e-17 5.574245e-18
8728.480000 6.048054e-17 5.706223e-18
8731.480000 5.449401e-17 5.604638e-18
8734.480000 5.437992e-17 5.518757e-18
8737.480000 5.041816e-17 5.417245e-18
8740.480000 6.303001e-17 5.379389e-18
8743.480000 6.140945e-17 5.253146e-18
8746.480000 6.075447e-17 5.104224e-18
8749.480000 5.899822e-17 5.213350e-18
8752.480000 5.921149e-17 5.412757e-18
8755.480000 7.619421e-17 6.335280e-18
8758.480000 8.295274e-17 7.932759e-18
8761.480000 8.249325e-17 9.229471e-18
8764.480000 7.388457e-17 9.686321e-18
8767.480000 5.408422e-17 9.660431e-18
8770.480000 4.006692e-17 9.018978e-18
8773.480000 4.864319e-17 8.322718e-18
8776.480000 5.802370e-17 8.691544e-18
8779.480000 6.186331e-17 8.802157e-18
8782.480000 5.921104e-17 7.450972e-18
8785.480000 6.926425e-17 5.907259e-18
8788.480000 8.033215e-17 5.736760e-18
8791.480000 7.600168e-17 6.022148e-18
8794.480000 6.249225e-17 5.611577e-18
8797.480000 6.636384e-17 4.907012e-18
8800.480000 8.182287e-17 4.626183e-18
8803.480000 8.042817e-17 4.614650e-18
8806.480000 7.019863e-17 4.665297e-18
8809.480000 6.206114e-17 4.766623e-18
8812.480000 6.418828e-17 4.873397e-18
8815.480000 7.433356e-17 5.075535e-18
8818.480000 8.654942e-17 5.975205e-18
8821.480000 9.212399e-17 8.481702e-18
8824.480000 1.248405e-16 1.209299e-17
8827.480000 1.614775e-16 1.399507e-17
8830.480000 6.502044e-17 1.249144e-17
8833.480000 7.952243e-17 1.068427e-17
8836.480000 7.730341e-17 1.033513e-17
8839.480000 6.681751e-17 9.279914e-18
8842.480000 7.607152e-17 7.608812e-18
8845.480000 8.670006e-17 7.191865e-18
8848.480000 8.152782e-17 7.838992e-18
8851.480000 7.051888e-17 8.018498e-18
8854.480000 7.274034e-17 7.268829e-18
8857.480000 7.639819e-17 6.561463e-18
8860.480000 9.437437e-17 6.678178e-18
8863.480000 9.625605e-17 7.585160e-18
8866.480000 8.763606e-17 8.714600e-18
8869.480000 7.044246e-17 8.754390e-18
8872.480000 7.457920e-17 7.417004e-18
8875.480000 7.498842e-17 6.115319e-18
8878.480000 8.529988e-17 6.263078e-18
8881.480000 1.051790e-16 7.999596e-18
8884.480000 1.304638e-16 1.053001e-17
8887.480000 1.066469e-16 1.136192e-17
8890.480000 8.827130e-17 9.479768e-18
8893.480000 9.937379e-17 6.866518e-18
8896.480000 8.784751e-17 5.937416e-18
8899.480000 8.483766e-17 6.516007e-18
8902.480000 7.501400e-17 7.439357e-18
8905.480000 6.168804e-17 7.479545e-18
8908.480000 6.880881e-17 6.572283e-18
8911.480000 7.901298e-17 6.089501e-18
8914.480000 9.607592e-17 7.399070e-18
8917.480000 1.036198e-16 9.733255e-18
8920.480000 9.384613e-17 1.079326e-17
8923.480000 8.425478e-17 9.441266e-18
8926.480000 7.033090e-17 7.090776e-18
8929.480000 7.277797e-17 5.667117e-18
8932.480000 8.135241e-17 5.289766e-18
8935.480000 8.357272e-17 5.453307e-18
8938.480000 9.801314e-17 6.277733e-18
8941.480000 1.134145e-16 7.514596e-18
8944.480000 9.521134e-17 7.905494e-18
8947.480000 7.934014e-17 7.174697e-18
8950.480000 7.896995e-17 6.800425e-18
8953.480000 9.882056e-17 8.530589e-18
8956.480000 8.524158e-17 1.113522e-17
8959.480000 5.292678e-17 1.172364e-17
8962.480000 5.994272e-17 9.661975e-18
8965.480000 7.811583e-17 7.180370e-18
8968.480000 8.223911e-17 6.438181e-18
8971.480000 8.546686e-17 6.478203e-18
8974.480000 9.275484e-17 6.629482e-18
8977.480000 9.232159e-17 6.771823e-18
8980.480000 8.873804e-17 7.023902e-18
8983.480000 9.155106e-17 7.564303e-18
8986.480000 9.079903e-17 8.390853e-18
8989.480000 8.187665e-17 8.672350e-18
8992.480000 6.961050e-17 7.951014e-18
8995.480000 9.064764e-17 7.396341e-18
8998.480000 1.144893e-16 8.441079e-18
9001.480000 1.075641e-16 9.610938e-18
9004.480000 9.225883e-17 9.029904e-18
9007.480000 9.186423e-17 7.098427e-18
9010.480000 8.890151e-17 5.703824e-18
9013.480000 9.182635e-17 5.331548e-18
9016.480000 9.017081e-17 5.113170e-18
9019.480000 8.697465e-17 5.042700e-18
9022.480000 8.723673e-17 5.011165e-18
9025.480000 8.947369e-17 4.957543e-18
9028.480000 9.120697e-17 4.984068e-18
9031.480000 9.530603e-17 5.139024e-18
9034.480000 9.052352e-17 5.476288e-18
9037.480000 8.090269e-17 5.851133e-18
9040.480000 8.408161e-17 5.941446e-18
9043.480000 9.341900e-17 5.888728e-18
9046.480000 9.695011e-17 6.294259e-18
9049.480000 1.013850e-16 6.800418e-18
9052.480000 1.018572e-16 6.571242e-18
9055.480000 9.380282e-17 5.817817e-18
9058.480000 8.818263e-17 5.347679e-18
9061.480000 8.587937e-17 5.305637e-18
9064.480000 9.136089e-17 5.446173e-18
9067.480000 9.108709e-17 5.493605e-18
9070.480000 8.131397e-17 5.455135e-18
9073.480000 7.838483e-17 5.431777e-18
9076.480000 9.076729e-17 5.553103e-18
9079.480000 9.525932e-17 5.674035e-18
9082.480000 8.566681e-17 5.820946e-18
9085.480000 8.536335e-17 6.042584e-18
9088.480000 8.044595e-17 6.346006e-18
9091.480000 7.849741e-17 6.850198e-18
9094.480000 8.639417e-17 7.117316e-18
9097.480000 8.141127e-17 7.199374e-18
