# TELESCOPE = UH88
# INSTRUMENT = SNIFS
# OBJECT = 2026neb
# CHANNEL = B+R
# EXPNUM = 26_174_031_003
# MJD-OBS = 61214.438872
# DATE-OBS = 2026-06-23T10:31:59
# EXPTIME = 1800.0s
# AIRMASS = 1.00
# FLUXCAL_RMS_B = 0.063 mag
# FLUXCAL_RMS_R = 0.071 mag
# RA = 17:56:12.99
# DEC = 18:10:24.09
# wl fl err
# [A] [erg/s/cm2/A]
3400.480000 7.685292e-18 2.826604e-17
3403.480000 2.741822e-17 2.984478e-17
3406.480000 1.405252e-17 2.652086e-17
3409.480000 1.332800e-17 2.500782e-17
3412.480000 -4.558852e-19 2.720660e-17
3415.480000 1.598904e-17 2.737045e-17
3418.480000 1.922207e-17 2.447205e-17
3421.480000 7.890836e-18 2.357024e-17
3424.480000 1.862579e-18 2.633671e-17
3427.480000 2.036714e-17 2.664493e-17
3430.480000 1.517065e-17 2.338991e-17
3433.480000 -3.043895e-18 2.269662e-17
3436.480000 1.212093e-17 2.566812e-17
3439.480000 1.997054e-17 2.517027e-17
3442.480000 -7.472292e-18 2.133547e-17
3445.480000 -1.257668e-17 2.093807e-17
3448.480000 6.074277e-18 2.267679e-17
3451.480000 1.163777e-17 2.208796e-17
3454.480000 7.252750e-19 1.991394e-17
3457.480000 -1.918655e-18 2.113019e-17
3460.480000 -1.304528e-17 2.229875e-17
3463.480000 -2.075853e-17 2.144501e-17
3466.480000 5.046686e-18 1.996888e-17
3469.480000 -5.057466e-18 2.022620e-17
3472.480000 -3.642234e-18 2.094895e-17
3475.480000 1.593972e-17 1.904710e-17
3478.480000 -3.660746e-18 1.800421e-17
3481.480000 -2.217267e-17 1.979462e-17
3484.480000 9.796530e-18 2.028569e-17
3487.480000 4.090686e-17 1.861826e-17
3490.480000 4.002789e-17 1.768927e-17
3493.480000 4.574533e-17 1.963017e-17
3496.480000 1.118189e-17 2.022929e-17
3499.480000 4.441015e-18 1.975919e-17
3502.480000 1.459557e-17 1.650219e-17
3505.480000 5.476057e-18 1.901818e-17
3508.480000 -2.650307e-18 1.848323e-17
3511.480000 -2.075318e-18 1.593424e-17
3514.480000 1.216350e-17 1.632324e-17
3517.480000 2.724528e-17 1.813722e-17
3520.480000 1.018990e-17 1.729755e-17
3523.480000 2.973482e-18 1.514604e-17
3526.480000 3.281776e-17 1.598056e-17
3529.480000 1.220446e-17 1.682206e-17
3532.480000 -3.207615e-17 1.529752e-17
3535.480000 -1.590246e-17 1.420044e-17
3538.480000 3.810893e-18 1.545985e-17
3541.480000 9.089835e-18 1.645686e-17
3544.480000 2.287035e-17 1.574093e-17
3547.480000 2.641732e-17 1.592121e-17
3550.480000 1.644202e-17 1.979523e-17
3553.480000 7.409793e-18 1.930462e-17
3556.480000 8.384232e-18 1.517564e-17
3559.480000 9.572536e-18 1.446323e-17
3562.480000 1.380510e-18 1.587070e-17
3565.480000 -9.134334e-18 1.594326e-17
3568.480000 9.172499e-19 1.423218e-17
3571.480000 -1.269143e-17 1.391504e-17
3574.480000 -1.474922e-17 1.548207e-17
3577.480000 -8.860962e-18 1.529032e-17
3580.480000 -1.320426e-18 1.351128e-17
3583.480000 1.402659e-17 1.407935e-17
3586.480000 1.311703e-17 1.536131e-17
3589.480000 2.028173e-17 1.451773e-17
3592.480000 2.520177e-17 1.316310e-17
3595.480000 5.340911e-19 1.389973e-17
3598.480000 -1.022619e-17 1.508980e-17
3601.480000 7.178869e-18 1.450212e-17
3604.480000 2.010040e-17 1.336108e-17
3607.480000 1.584547e-18 1.407651e-17
3610.480000 -7.977196e-18 1.447124e-17
3613.480000 -6.027928e-19 1.338147e-17
3616.480000 -1.249661e-17 1.225677e-17
3619.480000 -1.724475e-17 1.351629e-17
3622.480000 7.354552e-18 1.418536e-17
3625.480000 1.485680e-17 1.280718e-17
3628.480000 3.037335e-18 1.232873e-17
3631.480000 1.132343e-17 1.388459e-17
3634.480000 1.093460e-17 1.411064e-17
3637.480000 2.952023e-18 1.247905e-17
3640.480000 8.933288e-19 1.236757e-17
3643.480000 -2.838291e-18 1.408165e-17
3646.480000 -1.475179e-17 1.381171e-17
3649.480000 1.740367e-17 1.229966e-17
3652.480000 9.999698e-18 1.233523e-17
3655.480000 -1.153958e-18 1.363757e-17
3658.480000 1.310295e-17 1.365818e-17
3661.480000 1.294402e-17 1.232237e-17
3664.480000 2.923823e-17 1.306568e-17
3667.480000 3.253071e-17 1.414537e-17
3670.480000 3.084500e-17 1.348757e-17
3673.480000 2.778093e-17 1.231772e-17
3676.480000 2.683063e-17 1.297317e-17
3679.480000 2.302212e-17 1.367410e-17
3682.480000 8.654330e-18 1.256480e-17
3685.480000 -4.776005e-18 1.153083e-17
3688.480000 2.992499e-18 1.261917e-17
3691.480000 5.905402e-18 1.303047e-17
3694.480000 9.958776e-18 1.197030e-17
3697.480000 2.659838e-17 1.163593e-17
3700.480000 2.346668e-17 1.280313e-17
3703.480000 6.697367e-18 1.299486e-17
3706.480000 9.230846e-18 1.168036e-17
3709.480000 1.567726e-17 1.135352e-17
3712.480000 9.913407e-18 1.280632e-17
3715.480000 1.273959e-17 1.275514e-17
3718.480000 3.224544e-18 1.113973e-17
3721.480000 -8.303598e-18 1.102019e-17
3724.480000 5.243785e-18 1.290477e-17
3727.480000 1.628176e-17 1.284910e-17
3730.480000 -1.782746e-18 1.113028e-17
3733.480000 -9.871818e-18 1.152849e-17
3736.480000 -8.479241e-18 1.247299e-17
3739.480000 2.051079e-17 1.208169e-17
3742.480000 3.014033e-17 1.120872e-17
3745.480000 2.356965e-17 1.194689e-17
3748.480000 -2.468834e-18 1.254987e-17
3751.480000 -2.156419e-18 1.145564e-17
3754.480000 2.245323e-18 1.062161e-17
3757.480000 2.000017e-17 1.170438e-17
3760.480000 -6.257433e-18 1.189789e-17
3763.480000 -9.672846e-18 1.079316e-17
3766.480000 1.355897e-17 1.038460e-17
3769.480000 1.171765e-17 1.148461e-17
3772.480000 9.851448e-18 1.168046e-17
3775.480000 1.775921e-17 1.065574e-17
3778.480000 2.531548e-17 1.065307e-17
3781.480000 2.011978e-17 1.186042e-17
3784.480000 8.503085e-18 1.179984e-17
3787.480000 7.946866e-18 1.032228e-17
3790.480000 1.494273e-17 1.031986e-17
3793.480000 1.474431e-17 1.161346e-17
3796.480000 1.607372e-17 1.143185e-17
3799.480000 8.737795e-19 9.919154e-18
3802.480000 -9.813788e-18 1.005889e-17
3805.480000 -6.507627e-18 1.116904e-17
3808.480000 -3.540053e-18 1.085707e-17
3811.480000 7.315505e-18 9.971809e-18
3814.480000 1.930798e-17 1.065479e-17
3817.480000 2.656589e-17 1.156369e-17
3820.480000 2.332063e-17 1.092169e-17
3823.480000 2.721652e-17 1.011402e-17
3826.480000 3.042512e-17 1.097946e-17
3829.480000 3.398790e-17 1.156859e-17
3832.480000 4.190819e-17 1.081402e-17
3835.480000 2.841000e-17 1.020289e-17
3838.480000 2.255934e-17 1.125338e-17
3841.480000 2.288895e-17 1.161559e-17
3844.480000 1.201681e-17 1.036800e-17
3847.480000 3.270356e-17 1.028681e-17
3850.480000 2.833537e-17 1.155058e-17
3853.480000 6.316710e-18 1.159722e-17
3856.480000 1.177331e-18 1.010330e-17
3859.480000 -3.145905e-18 1.004587e-17
3862.480000 2.515277e-18 1.145232e-17
3865.480000 1.035302e-18 1.110521e-17
3868.480000 8.774398e-18 9.853313e-18
3871.480000 7.390358e-18 1.011836e-17
3874.480000 7.732237e-18 1.096670e-17
3877.480000 2.868048e-19 1.067529e-17
3880.480000 -5.546597e-18 9.505700e-18
3883.480000 -4.422834e-19 1.006053e-17
3886.480000 1.029436e-17 1.081963e-17
3889.480000 3.449195e-18 1.006838e-17
3892.480000 -4.741798e-18 9.161731e-18
3895.480000 -1.608187e-18 1.002850e-17
3898.480000 1.318402e-17 1.067958e-17
3901.480000 1.390698e-17 9.946667e-18
3904.480000 1.774727e-17 9.428847e-18
3907.480000 1.439075e-17 1.043251e-17
3910.480000 1.098709e-17 1.076640e-17
3913.480000 2.350696e-17 9.864700e-18
3916.480000 1.558252e-17 9.438694e-18
3919.480000 4.009223e-18 1.032756e-17
3922.480000 6.823859e-18 1.037384e-17
3925.480000 5.312377e-18 9.099388e-18
3928.480000 8.118150e-18 9.032491e-18
3931.480000 6.559830e-18 1.004378e-17
3934.480000 3.488040e-18 9.935216e-18
3937.480000 1.604870e-17 9.100382e-18
3940.480000 1.428235e-17 9.118801e-18
3943.480000 8.511879e-18 1.051674e-17
3946.480000 2.972970e-17 1.046354e-17
3949.480000 3.075923e-17 9.186905e-18
3952.480000 4.098986e-17 9.613334e-18
3955.480000 2.587920e-17 1.018418e-17
3958.480000 2.618735e-17 9.780571e-18
3961.480000 3.101806e-17 8.953452e-18
3964.480000 1.736823e-17 9.422549e-18
3967.480000 2.753373e-17 9.974018e-18
3970.480000 3.793637e-17 9.332145e-18
3973.480000 3.686342e-17 8.756785e-18
3976.480000 3.879132e-17 9.812551e-18
3979.480000 2.245580e-17 1.025268e-17
3982.480000 3.333637e-17 9.603020e-18
3985.480000 2.723247e-17 9.230867e-18
3988.480000 3.133184e-17 1.042547e-17
3991.480000 3.194362e-17 1.049263e-17
3994.480000 3.811218e-17 9.460759e-18
3997.480000 3.638026e-17 9.333190e-18
4000.480000 3.825358e-17 1.049861e-17
4003.480000 3.254624e-17 1.037386e-17
4006.480000 1.220123e-17 8.888518e-18
4009.480000 9.496968e-18 8.968306e-18
4012.480000 1.613957e-17 1.007981e-17
4015.480000 1.963140e-17 9.872013e-18
4018.480000 8.011451e-18 8.645040e-18
4021.480000 1.148269e-17 9.064375e-18
4024.480000 1.675528e-17 9.868791e-18
4027.480000 1.249252e-17 9.330354e-18
4030.480000 1.526613e-17 8.569353e-18
4033.480000 2.915001e-17 9.335757e-18
4036.480000 2.987421e-17 1.003627e-17
4039.480000 3.588168e-17 9.346876e-18
4042.480000 1.665263e-17 8.634109e-18
4045.480000 1.543214e-17 9.567514e-18
4048.480000 2.065533e-17 1.007842e-17
4051.480000 1.563694e-17 9.184117e-18
4054.480000 1.586962e-17 8.861535e-18
4057.480000 1.436396e-17 9.779843e-18
4060.480000 1.202251e-17 9.904351e-18
4063.480000 5.872926e-18 8.744566e-18
4066.480000 -1.948029e-18 8.610072e-18
4069.480000 9.435209e-18 9.995625e-18
4072.480000 1.507534e-17 9.917409e-18
4075.480000 1.876646e-17 8.743963e-18
4078.480000 2.705950e-17 8.993310e-18
4081.480000 1.034040e-17 9.820695e-18
4084.480000 8.355775e-18 9.692967e-18
4087.480000 8.339970e-18 8.717641e-18
4090.480000 1.564595e-17 9.361613e-18
4093.480000 1.576363e-17 1.035286e-17
4096.480000 1.257975e-17 9.876418e-18
4099.480000 4.538657e-18 9.082042e-18
4102.480000 1.045746e-17 9.745161e-18
4105.480000 2.842895e-17 1.062528e-17
4108.480000 2.729487e-17 1.003388e-17
4111.480000 3.202254e-17 9.400933e-18
4114.480000 3.561104e-17 1.007187e-17
4117.480000 3.054071e-17 1.032779e-17
4120.480000 2.458863e-17 9.280699e-18
4123.480000 1.606897e-17 8.547459e-18
4126.480000 2.455488e-17 9.536091e-18
4129.480000 3.928239e-17 9.909550e-18
4132.480000 2.638602e-17 8.724651e-18
4135.480000 1.642912e-17 8.303350e-18
4138.480000 2.875417e-17 9.509256e-18
4141.480000 4.141853e-17 9.632861e-18
4144.480000 4.445115e-17 8.464035e-18
4147.480000 3.881237e-17 8.351061e-18
4150.480000 6.191169e-17 9.721574e-18
4153.480000 6.293338e-17 9.608296e-18
4156.480000 4.066223e-17 8.262933e-18
4159.480000 3.224277e-17 8.408038e-18
4162.480000 3.421797e-17 9.370923e-18
4165.480000 2.958932e-17 9.050591e-18
4168.480000 3.465011e-17 8.306301e-18
4171.480000 3.282421e-17 8.943767e-18
4174.480000 2.557835e-17 9.323862e-18
4177.480000 3.346832e-17 8.840210e-18
4180.480000 3.339370e-17 8.172600e-18
4183.480000 5.437883e-17 9.051471e-18
4186.480000 3.371943e-17 9.212527e-18
4189.480000 1.853259e-17 8.427961e-18
4192.480000 2.462560e-17 8.279172e-18
4195.480000 3.167518e-17 9.290177e-18
4198.480000 4.343904e-17 9.717070e-18
4201.480000 4.107350e-17 8.731615e-18
4204.480000 3.678460e-17 8.517340e-18
4207.480000 2.491709e-17 9.638837e-18
4210.480000 4.396602e-17 1.001299e-17
4213.480000 5.269086e-17 8.975144e-18
4216.480000 4.887044e-17 8.823520e-18
4219.480000 3.492198e-17 9.780188e-18
4222.480000 1.206882e-17 9.327565e-18
4225.480000 2.566929e-17 8.327309e-18
4228.480000 2.176182e-17 8.370838e-18
4231.480000 2.579756e-17 9.130585e-18
4234.480000 1.536837e-17 8.622673e-18
4237.480000 3.225611e-17 7.920406e-18
4240.480000 3.353558e-17 8.337038e-18
4243.480000 4.156258e-17 9.019048e-18
4246.480000 3.347080e-17 8.485288e-18
4249.480000 3.581647e-17 7.869854e-18
4252.480000 3.074152e-17 8.273721e-18
4255.480000 2.268923e-17 8.676276e-18
4258.480000 3.528654e-17 8.279798e-18
4261.480000 4.025040e-17 7.814641e-18
4264.480000 4.362062e-17 8.629239e-18
4267.480000 3.425769e-17 8.851660e-18
4270.480000 2.303094e-17 7.922244e-18
4273.480000 3.308589e-17 7.709758e-18
4276.480000 3.996775e-17 8.728497e-18
4279.480000 2.869176e-17 8.749460e-18
4282.480000 3.205365e-17 7.838784e-18
4285.480000 4.127570e-17 7.839580e-18
4288.480000 4.595519e-17 8.787063e-18
4291.480000 5.112819e-17 8.870496e-18
4294.480000 4.421479e-17 7.707393e-18
4297.480000 5.011709e-17 7.899122e-18
4300.480000 4.651795e-17 8.664330e-18
4303.480000 3.783511e-17 8.322132e-18
4306.480000 4.458512e-17 7.526210e-18
4309.480000 4.546756e-17 7.974200e-18
4312.480000 3.283787e-17 8.881396e-18
4315.480000 4.611446e-17 8.249311e-18
4318.480000 5.553841e-17 7.717350e-18
4321.480000 4.751748e-17 8.294251e-18
4324.480000 4.106160e-17 8.675762e-18
4327.480000 4.219129e-17 8.062673e-18
4330.480000 3.317328e-17 7.458769e-18
4333.480000 3.101063e-17 8.200170e-18
4336.480000 3.710990e-17 8.659473e-18
4339.480000 4.001414e-17 7.837291e-18
4342.480000 4.249785e-17 7.439097e-18
4345.480000 4.349964e-17 8.306980e-18
4348.480000 3.187741e-17 8.380177e-18
4351.480000 4.782104e-17 7.725101e-18
4354.480000 4.572911e-17 7.670004e-18
4357.480000 3.678548e-17 8.697861e-18
4360.480000 3.018453e-17 9.235738e-18
4363.480000 3.635571e-17 8.404440e-18
4366.480000 5.339586e-17 7.806334e-18
4369.480000 3.740257e-17 8.503972e-18
4372.480000 3.957611e-17 8.346367e-18
4375.480000 4.897638e-17 7.560488e-18
4378.480000 5.040207e-17 7.850526e-18
4381.480000 3.068438e-17 8.378798e-18
4384.480000 3.422019e-17 8.036470e-18
4387.480000 4.809525e-17 7.397214e-18
4390.480000 4.338827e-17 7.789704e-18
4393.480000 3.349584e-17 8.279126e-18
4396.480000 1.904138e-17 7.698437e-18
4399.480000 2.222854e-17 7.293838e-18
4402.480000 2.847461e-17 8.083160e-18
4405.480000 3.903414e-17 8.607771e-18
4408.480000 4.338456e-17 7.812671e-18
4411.480000 3.279861e-17 7.437218e-18
4414.480000 3.199924e-17 8.370008e-18
4417.480000 3.848568e-17 8.592299e-18
4420.480000 4.019151e-17 7.656920e-18
4423.480000 3.308284e-17 7.495025e-18
4426.480000 3.666670e-17 8.528473e-18
4429.480000 3.766118e-17 8.575065e-18
4432.480000 2.359724e-17 7.405801e-18
4435.480000 1.217395e-17 7.326604e-18
4438.480000 1.906512e-17 8.229283e-18
4441.480000 2.262381e-17 8.095298e-18
4444.480000 1.863783e-17 7.192105e-18
4447.480000 1.635775e-17 7.562778e-18
4450.480000 1.995540e-17 8.297238e-18
4453.480000 2.502842e-17 8.105949e-18
4456.480000 2.872569e-17 7.256382e-18
4459.480000 2.245617e-17 7.559041e-18
4462.480000 2.146956e-17 8.127701e-18
4465.480000 1.625519e-17 7.604763e-18
4468.480000 1.573113e-17 7.043360e-18
4471.480000 2.114967e-17 7.718464e-18
4474.480000 1.805119e-17 8.046986e-18
4477.480000 1.260515e-17 7.443978e-18
4480.480000 2.427997e-17 7.168516e-18
4483.480000 3.590452e-17 8.001886e-18
4486.480000 3.110760e-17 8.226713e-18
4489.480000 3.012220e-17 7.387781e-18
4492.480000 2.873514e-17 7.272355e-18
4495.480000 3.142216e-17 8.349574e-18
4498.480000 3.259890e-17 8.340488e-18
4501.480000 3.157212e-17 7.293089e-18
4504.480000 2.483412e-17 7.273432e-18
4507.480000 2.847497e-17 8.259195e-18
4510.480000 2.947899e-17 8.229239e-18
4513.480000 1.973181e-17 7.212628e-18
4516.480000 1.735234e-17 7.345499e-18
4519.480000 3.133449e-17 8.175706e-18
4522.480000 3.356339e-17 7.969368e-18
4525.480000 2.635206e-17 7.198339e-18
4528.480000 2.783083e-17 7.577074e-18
4531.480000 3.014161e-17 8.204378e-18
4534.480000 2.222115e-17 7.675815e-18
4537.480000 2.865868e-17 7.123563e-18
4540.480000 3.365041e-17 7.776208e-18
4543.480000 3.501161e-17 8.142715e-18
4546.480000 3.217298e-17 7.523366e-18
4549.480000 3.381729e-17 7.181071e-18
4552.480000 4.188728e-17 8.001459e-18
4555.480000 4.388107e-17 8.388449e-18
4558.480000 2.654849e-17 9.096548e-18
4561.480000 2.987074e-17 7.359481e-18
4564.480000 3.774222e-17 8.200109e-18
4567.480000 2.722889e-17 8.176517e-18
4570.480000 2.027096e-17 7.098360e-18
4573.480000 4.097881e-17 7.371268e-18
4576.480000 4.202106e-17 8.267491e-18
4579.480000 3.836155e-17 8.153041e-18
4582.480000 4.654338e-17 7.273307e-18
4585.480000 4.745921e-17 7.467579e-18
4588.480000 3.531632e-17 8.073516e-18
4591.480000 4.424243e-17 7.895236e-18
4594.480000 4.684914e-17 7.187535e-18
4597.480000 3.816078e-17 7.496642e-18
4600.480000 2.850162e-17 8.073059e-18
4603.480000 4.380807e-17 7.757636e-18
4606.480000 4.678443e-17 7.199038e-18
4609.480000 4.435217e-17 7.778383e-18
4612.480000 3.568502e-17 8.079189e-18
4615.480000 2.814337e-17 7.381629e-18
4618.480000 4.606386e-17 7.131453e-18
4621.480000 4.965837e-17 7.859572e-18
4624.480000 4.078795e-17 8.046931e-18
4627.480000 3.761330e-17 7.334900e-18
4630.480000 4.312988e-17 7.150175e-18
4633.480000 4.603047e-17 8.027210e-18
4636.480000 3.165115e-17 8.016991e-18
4639.480000 2.643403e-17 7.102996e-18
4642.480000 4.673664e-17 7.256623e-18
4645.480000 5.687748e-17 8.209416e-18
4648.480000 4.420808e-17 8.043912e-18
4651.480000 4.051877e-17 7.007617e-18
4654.480000 4.933716e-17 7.249729e-18
4657.480000 5.104944e-17 8.063578e-18
4660.480000 4.826397e-17 7.909517e-18
4663.480000 3.715150e-17 7.039808e-18
4666.480000 2.860824e-17 7.235781e-18
4669.480000 2.609701e-17 7.802040e-18
4672.480000 3.316232e-17 7.449270e-18
4675.480000 3.250543e-17 6.887084e-18
4678.480000 2.801821e-17 7.392841e-18
4681.480000 4.042752e-17 8.020309e-18
4684.480000 4.130284e-17 7.486194e-18
4687.480000 3.587998e-17 6.888334e-18
4690.480000 3.887908e-17 7.631346e-18
4693.480000 3.593753e-17 7.911476e-18
4696.480000 4.057197e-17 7.240280e-18
4699.480000 3.880909e-17 6.946695e-18
4702.480000 3.666235e-17 7.785287e-18
4705.480000 4.599472e-17 8.024806e-18
4708.480000 4.242199e-17 7.165659e-18
4711.480000 3.711485e-17 6.974613e-18
4714.480000 3.797140e-17 8.008547e-18
4717.480000 3.471966e-17 7.998792e-18
4720.480000 2.580012e-17 6.876584e-18
4723.480000 2.201163e-17 6.953674e-18
4726.480000 3.700343e-17 7.895394e-18
4729.480000 3.519090e-17 7.707200e-18
4732.480000 2.983280e-17 6.859266e-18
4735.480000 3.191522e-17 7.163240e-18
4738.480000 3.601431e-17 7.836291e-18
4741.480000 2.837992e-17 7.472423e-18
4744.480000 3.136008e-17 6.840726e-18
4747.480000 4.019065e-17 7.352211e-18
4750.480000 3.581256e-17 7.806411e-18
4753.480000 2.561281e-17 7.198484e-18
4756.480000 1.837390e-17 6.698100e-18
4759.480000 3.869775e-17 7.557101e-18
4762.480000 3.565218e-17 7.906879e-18
4765.480000 4.417808e-17 7.258508e-18
4768.480000 4.767881e-17 6.959564e-18
4771.480000 4.450702e-17 7.781307e-18
4774.480000 3.548918e-17 7.941861e-18
4777.480000 2.763657e-17 6.974666e-18
4780.480000 2.857664e-17 6.931119e-18
4783.480000 3.709766e-17 8.024978e-18
4786.480000 5.502591e-17 8.204895e-18
4789.480000 5.331558e-17 7.134865e-18
4792.480000 5.288910e-17 7.206454e-18
4795.480000 4.743401e-17 8.074186e-18
4798.480000 4.443237e-17 8.063442e-18
4801.480000 2.231164e-17 7.039057e-18
4804.480000 3.423172e-17 7.786396e-18
4807.480000 4.849815e-17 8.168552e-18
4810.480000 4.379787e-17 7.746355e-18
4813.480000 4.241293e-17 7.007932e-18
4816.480000 4.024701e-17 7.470315e-18
4819.480000 4.004548e-17 8.045254e-18
4822.480000 4.872922e-17 7.710068e-18
4825.480000 4.560368e-17 7.163108e-18
4828.480000 4.863234e-17 7.810128e-18
4831.480000 4.782642e-17 8.205263e-18
4834.480000 5.228435e-17 7.595368e-18
4837.480000 5.336729e-17 7.248791e-18
4840.480000 4.688596e-17 8.001995e-18
4843.480000 3.899642e-17 8.190112e-18
4846.480000 3.795931e-17 7.295758e-18
4849.480000 3.872868e-17 7.109110e-18
4852.480000 4.220267e-17 8.205495e-18
4855.480000 2.950380e-17 8.171510e-18
4858.480000 2.819550e-17 7.074598e-18
4861.480000 3.976947e-17 7.265814e-18
4864.480000 4.552022e-17 8.219055e-18
4867.480000 3.666358e-17 8.085506e-18
4870.480000 4.188763e-17 7.252247e-18
4873.480000 4.750302e-17 7.539357e-18
4876.480000 4.917562e-17 8.322678e-18
4879.480000 4.610285e-17 8.070264e-18
4882.480000 4.038505e-17 7.288770e-18
4885.480000 4.482347e-17 7.783115e-18
4888.480000 5.463581e-17 8.529477e-18
4891.480000 4.290701e-17 7.891000e-18
4894.480000 3.905996e-17 7.326448e-18
4897.480000 3.790557e-17 7.961300e-18
4900.480000 3.423457e-17 8.395054e-18
4903.480000 4.034991e-17 7.867349e-18
4906.480000 4.269861e-17 7.520803e-18
4909.480000 5.196407e-17 8.475089e-18
4912.480000 5.579460e-17 8.827030e-18
4915.480000 5.113950e-17 7.914978e-18
4918.480000 4.342737e-17 7.717751e-18
4921.480000 3.349384e-17 8.555240e-18
4924.480000 4.478220e-17 8.750480e-18
4927.480000 4.571676e-17 7.794425e-18
4930.480000 2.656688e-17 7.655655e-18
4933.480000 3.200667e-17 8.840638e-18
4936.480000 2.765683e-17 8.693609e-18
4939.480000 2.790525e-17 7.697789e-18
4942.480000 4.438652e-17 8.089740e-18
4945.480000 2.695136e-17 8.770808e-18
4948.480000 3.451054e-17 8.743760e-18
4951.480000 3.704551e-17 7.967141e-18
4954.480000 4.365633e-17 8.504777e-18
4957.480000 4.504072e-17 9.240821e-18
4960.480000 1.665476e-17 8.456879e-18
4963.480000 2.863942e-17 7.974199e-18
4966.480000 2.464133e-17 8.626405e-18
4969.480000 2.761097e-17 9.146329e-18
4972.480000 3.007844e-17 8.666739e-18
4975.480000 2.784286e-17 8.229025e-18
4978.480000 1.792613e-17 9.009758e-18
4981.480000 2.415519e-17 9.422938e-18
4984.480000 1.257353e-17 8.504099e-18
4987.480000 5.597929e-18 8.147644e-18
4990.480000 8.724844e-18 9.369087e-18
4993.480000 1.384416e-17 9.631900e-18
4996.480000 9.220952e-18 8.649869e-18
4999.480000 1.671451e-17 8.790357e-18
5002.480000 1.231628e-17 1.005338e-17
5005.480000 2.051608e-17 1.016903e-17
5008.480000 2.594805e-17 9.113730e-18
5011.480000 2.737352e-17 9.244764e-18
5014.480000 3.001589e-17 1.033001e-17
5017.480000 2.851999e-17 1.026575e-17
5020.480000 1.485355e-17 9.250585e-18
5023.480000 3.513745e-18 9.552691e-18
5026.480000 6.669886e-18 1.057386e-17
5029.480000 2.601898e-17 1.038160e-17
5032.480000 4.227449e-17 9.839794e-18
5035.480000 4.402735e-17 1.072216e-17
5038.480000 3.190145e-17 1.139517e-17
5041.480000 4.114953e-17 1.085829e-17
5044.480000 3.418698e-17 1.032300e-17
5047.480000 1.750649e-17 1.142988e-17
5200.480000 6.968891e-17 1.379550e-17
5203.480000 6.649704e-17 1.364252e-17
5206.480000 3.546901e-17 1.342337e-17
5209.480000 4.075531e-17 1.362733e-17
5212.480000 5.332014e-17 1.372804e-17
5215.480000 6.432010e-17 1.343690e-17
5218.480000 5.622862e-17 1.286003e-17
5221.480000 4.679106e-17 1.245869e-17
5224.480000 4.693759e-17 1.243846e-17
5227.480000 4.416475e-17 1.207919e-17
5230.480000 5.675058e-17 1.172428e-17
5233.480000 5.977004e-17 1.144513e-17
5236.480000 6.117743e-17 1.122648e-17
5239.480000 3.534286e-17 1.102690e-17
5242.480000 4.296594e-17 1.078373e-17
5245.480000 5.583758e-17 1.069075e-17
5248.480000 5.675768e-17 1.078594e-17
5251.480000 5.499297e-17 1.031298e-17
5254.480000 6.623640e-17 1.016180e-17
5257.480000 4.470570e-17 1.000808e-17
5260.480000 2.653832e-17 9.713073e-18
5263.480000 3.586699e-17 1.017282e-17
5266.480000 4.524583e-17 1.051529e-17
5269.480000 4.341105e-17 9.305098e-18
5272.480000 4.050650e-17 9.046868e-18
5275.480000 4.380786e-17 8.991179e-18
5278.480000 5.214269e-17 8.965051e-18
5281.480000 5.366220e-17 8.825989e-18
5284.480000 4.645818e-17 8.687740e-18
5287.480000 4.441429e-17 8.604201e-18
5290.480000 3.481069e-17 8.606498e-18
5293.480000 3.987156e-17 8.898482e-18
5296.480000 4.537542e-17 8.730545e-18
5299.480000 4.972488e-17 8.794268e-18
5302.480000 4.672796e-17 8.808285e-18
5305.480000 3.093277e-17 8.744000e-18
5308.480000 3.021089e-17 8.744356e-18
5311.480000 4.636337e-17 8.741501e-18
5314.480000 5.674838e-17 8.945698e-18
5317.480000 4.237885e-17 8.895497e-18
5320.480000 4.382017e-17 9.011141e-18
5323.480000 5.666334e-17 9.211741e-18
5326.480000 4.594247e-17 9.186351e-18
5329.480000 4.611322e-17 9.250991e-18
5332.480000 3.949471e-17 9.378208e-18
5335.480000 3.505608e-17 9.391007e-18
5338.480000 5.102432e-17 9.578982e-18
5341.480000 4.398647e-17 9.334005e-18
5344.480000 3.764926e-17 8.930130e-18
5347.480000 1.979456e-17 8.397554e-18
5350.480000 3.177114e-17 8.272754e-18
5353.480000 3.949425e-17 8.239894e-18
5356.480000 4.600053e-17 8.089769e-18
5359.480000 4.468107e-17 7.867796e-18
5362.480000 3.922865e-17 7.538366e-18
5365.480000 3.833396e-17 7.409802e-18
5368.480000 3.793622e-17 7.185846e-18
5371.480000 5.092227e-17 6.955544e-18
5374.480000 4.228441e-17 6.667215e-18
5377.480000 2.502192e-17 6.359174e-18
5380.480000 2.733817e-17 6.225549e-18
5383.480000 4.179616e-17 6.226188e-18
5386.480000 4.435245e-17 6.122240e-18
5389.480000 4.597019e-17 6.062930e-18
5392.480000 4.533092e-17 5.948844e-18
5395.480000 3.730311e-17 5.776106e-18
5398.480000 3.269253e-17 5.680829e-18
5401.480000 3.540382e-17 5.666389e-18
5404.480000 4.322281e-17 5.698043e-18
5407.480000 4.219545e-17 5.647269e-18
5410.480000 4.181972e-17 5.632801e-18
5413.480000 3.935062e-17 5.651271e-18
5416.480000 3.962904e-17 5.680919e-18
5419.480000 3.632325e-17 5.675551e-18
5422.480000 3.216678e-17 5.696131e-18
5425.480000 3.530772e-17 5.762020e-18
5428.480000 3.961341e-17 5.813701e-18
5431.480000 4.531305e-17 5.906142e-18
5434.480000 4.912476e-17 6.109304e-18
5437.480000 4.544834e-17 6.137119e-18
5440.480000 4.504507e-17 6.129970e-18
5443.480000 3.584869e-17 6.152191e-18
5446.480000 3.639051e-17 6.324835e-18
5449.480000 3.193347e-17 6.318802e-18
5452.480000 2.956977e-17 6.461237e-18
5455.480000 3.529299e-17 6.614286e-18
5458.480000 5.022986e-17 6.865537e-18
5461.480000 5.510007e-17 7.029472e-18
5464.480000 4.082849e-17 6.910087e-18
5467.480000 3.068878e-17 6.657779e-18
5470.480000 3.219254e-17 6.481771e-18
5473.480000 3.718654e-17 6.325838e-18
5476.480000 3.629334e-17 6.147947e-18
5479.480000 3.814523e-17 6.044293e-18
5482.480000 3.930147e-17 5.994200e-18
5485.480000 4.251716e-17 5.897492e-18
5488.480000 4.514638e-17 5.791657e-18
5491.480000 4.509082e-17 5.592446e-18
5494.480000 4.125731e-17 5.344703e-18
5497.480000 3.608232e-17 5.151284e-18
5500.480000 4.071713e-17 5.097261e-18
5503.480000 4.225812e-17 5.006581e-18
5506.480000 3.973052e-17 4.929240e-18
5509.480000 3.493822e-17 4.825578e-18
5512.480000 3.405144e-17 4.742139e-18
5515.480000 3.886316e-17 4.720979e-18
5518.480000 4.168873e-17 4.744820e-18
5521.480000 4.201175e-17 4.694419e-18
5524.480000 3.550470e-17 4.582588e-18
5527.480000 3.468959e-17 4.553268e-18
5530.480000 4.244018e-17 4.615863e-18
5533.480000 4.821107e-17 4.671262e-18
5536.480000 5.144039e-17 4.702354e-18
5539.480000 4.706757e-17 4.701893e-18
5542.480000 4.102867e-17 4.667132e-18
5545.480000 3.635215e-17 4.678950e-18
5548.480000 3.184287e-17 4.712619e-18
5551.480000 4.023331e-17 4.809128e-18
5554.480000 4.741752e-17 4.944767e-18
5557.480000 4.543368e-17 4.975044e-18
5560.480000 4.238621e-17 5.027501e-18
5563.480000 3.612662e-17 5.107099e-18
5566.480000 3.372372e-17 5.300137e-18
5569.480000 3.130781e-17 5.997943e-18
5572.480000 4.144813e-17 7.678272e-18
5575.480000 5.189969e-17 9.940631e-18
5578.480000 8.565336e-17 1.122886e-17
5581.480000 4.358746e-17 1.016534e-17
5584.480000 3.467998e-17 8.186772e-18
5587.480000 3.729961e-17 6.814213e-18
5590.480000 4.015431e-17 6.240054e-18
5593.480000 4.411199e-17 5.968817e-18
5596.480000 4.827050e-17 5.662272e-18
5599.480000 3.763735e-17 5.371880e-18
5602.480000 4.276760e-17 5.247308e-18
5605.480000 4.471806e-17 5.175432e-18
5608.480000 4.350893e-17 5.035673e-18
5611.480000 4.587066e-17 4.941152e-18
5614.480000 4.819911e-17 4.789935e-18
5617.480000 4.405353e-17 4.662569e-18
5620.480000 3.998545e-17 4.535597e-18
5623.480000 3.383143e-17 4.335858e-18
5626.480000 4.049026e-17 4.326072e-18
5629.480000 4.138432e-17 4.281396e-18
5632.480000 4.220479e-17 4.233490e-18
5635.480000 3.990872e-17 4.136416e-18
5638.480000 3.672876e-17 4.044719e-18
5641.480000 3.504558e-17 3.974001e-18
5644.480000 3.607099e-17 3.935453e-18
5647.480000 3.795726e-17 3.944697e-18
5650.480000 3.572233e-17 3.894073e-18
5653.480000 3.605572e-17 3.858491e-18
5656.480000 3.858091e-17 3.884686e-18
5659.480000 4.126486e-17 3.888159e-18
5662.480000 4.126991e-17 3.884649e-18
5665.480000 3.534814e-17 3.858806e-18
5668.480000 3.297743e-17 3.859866e-18
5671.480000 3.529730e-17 3.933441e-18
5674.480000 3.589892e-17 4.092231e-18
5677.480000 3.175616e-17 4.159252e-18
5680.480000 3.455995e-17 4.263518e-18
5683.480000 3.594938e-17 4.312165e-18
5686.480000 4.103596e-17 4.412146e-18
5689.480000 3.937145e-17 4.522375e-18
5692.480000 3.654768e-17 4.517673e-18
5695.480000 3.566939e-17 4.588592e-18
5698.480000 3.581095e-17 4.556471e-18
5701.480000 3.453839e-17 4.586225e-18
5704.480000 3.884850e-17 4.726623e-18
5707.480000 3.585281e-17 4.786427e-18
5710.480000 4.037846e-17 4.951841e-18
5713.480000 3.491182e-17 4.945945e-18
5716.480000 2.456456e-17 4.759857e-18
5719.480000 3.539611e-17 4.722768e-18
5722.480000 3.007815e-17 4.580756e-18
5725.480000 3.092967e-17 4.516309e-18
5728.480000 3.575029e-17 4.504824e-18
5731.480000 4.028763e-17 4.409604e-18
5734.480000 3.986743e-17 4.358913e-18
5737.480000 4.329523e-17 4.219505e-18
5740.480000 5.353719e-17 4.159918e-18
5743.480000 4.137472e-17 3.985789e-18
5746.480000 3.208745e-17 3.808385e-18
5749.480000 3.811757e-17 3.764008e-18
5752.480000 4.336387e-17 3.718038e-18
5755.480000 4.045184e-17 3.620807e-18
5758.480000 4.121744e-17 3.536148e-18
5761.480000 4.304903e-17 3.537269e-18
5764.480000 3.557018e-17 3.489130e-18
5767.480000 3.381928e-17 3.447931e-18
5770.480000 3.219861e-17 3.390703e-18
5773.480000 3.579953e-17 3.376947e-18
5776.480000 4.218118e-17 3.387693e-18
5779.480000 4.018202e-17 3.375006e-18
5782.480000 3.974400e-17 3.374720e-18
5785.480000 3.881353e-17 3.349634e-18
5788.480000 4.047877e-17 3.353212e-18
5791.480000 4.034209e-17 3.354618e-18
5794.480000 3.375700e-17 3.343589e-18
5797.480000 2.858813e-17 3.348852e-18
5800.480000 2.598363e-17 3.359143e-18
5803.480000 2.993950e-17 3.467563e-18
5806.480000 3.555678e-17 3.551531e-18
5809.480000 3.511633e-17 3.602378e-18
5812.480000 3.740312e-17 3.703077e-18
5815.480000 3.505397e-17 3.707433e-18
5818.480000 3.268347e-17 3.755015e-18
5821.480000 3.502350e-17 3.847234e-18
5824.480000 3.560866e-17 3.946479e-18
5827.480000 3.328061e-17 4.009199e-18
5830.480000 3.107474e-17 4.099248e-18
5833.480000 3.086032e-17 4.149220e-18
5836.480000 3.624563e-17 4.301065e-18
5839.480000 4.190208e-17 4.427277e-18
5842.480000 4.236410e-17 4.452523e-18
5845.480000 3.382131e-17 4.209127e-18
5848.480000 2.986178e-17 4.072839e-18
5851.480000 3.304220e-17 4.010529e-18
5854.480000 2.895040e-17 3.863386e-18
5857.480000 2.959759e-17 3.792893e-18
5860.480000 2.767342e-17 3.675597e-18
5863.480000 2.900805e-17 3.650562e-18
5866.480000 3.161664e-17 3.647759e-18
5869.480000 3.185906e-17 3.621578e-18
5872.480000 3.743498e-17 3.606869e-18
5875.480000 3.617605e-17 3.472757e-18
5878.480000 3.857670e-17 3.430447e-18
5881.480000 3.439502e-17 3.329293e-18
5884.480000 3.050023e-17 3.345255e-18
5887.480000 3.082816e-17 3.518151e-18
5890.480000 3.298159e-17 3.698552e-18
5893.480000 3.398971e-17 3.695829e-18
5896.480000 3.526058e-17 3.556495e-18
5899.480000 3.456554e-17 3.353699e-18
5902.480000 3.260082e-17 3.173733e-18
5905.480000 3.197183e-17 3.102202e-18
5908.480000 3.286428e-17 3.095328e-18
5911.480000 3.479354e-17 3.107514e-18
5914.480000 3.415885e-17 3.136722e-18
5917.480000 3.062750e-17 3.159241e-18
5920.480000 3.015225e-17 3.177066e-18
5923.480000 3.015443e-17 3.201679e-18
5926.480000 3.118085e-17 3.250023e-18
5929.480000 3.294194e-17 3.354274e-18
5932.480000 3.625076e-17 3.480914e-18
5935.480000 3.702009e-17 3.455435e-18
5938.480000 3.680871e-17 3.450690e-18
5941.480000 3.470279e-17 3.476369e-18
5944.480000 3.546255e-17 3.574151e-18
5947.480000 3.431989e-17 3.618659e-18
5950.480000 3.460368e-17 3.738297e-18
5953.480000 3.660031e-17 3.888108e-18
5956.480000 3.612255e-17 3.937846e-18
5959.480000 2.716590e-17 3.867136e-18
5962.480000 3.118647e-17 3.954951e-18
5965.480000 2.906271e-17 3.985421e-18
5968.480000 3.426417e-17 4.086942e-18
5971.480000 3.324296e-17 4.009023e-18
5974.480000 2.801903e-17 3.857424e-18
5977.480000 2.813678e-17 3.796714e-18
5980.480000 3.150148e-17 3.697639e-18
5983.480000 3.505243e-17 3.739986e-18
5986.480000 3.188608e-17 4.588250e-18
5989.480000 3.040705e-17 3.464500e-18
5992.480000 2.942989e-17 3.367886e-18
5995.480000 2.724754e-17 3.229715e-18
5998.480000 2.688304e-17 3.167271e-18
6001.480000 2.939142e-17 3.057426e-18
6004.480000 2.789610e-17 2.975379e-18
6007.480000 3.034062e-17 2.923398e-18
6010.480000 2.608592e-17 2.831139e-18
6013.480000 2.228559e-17 2.760088e-18
6016.480000 2.684611e-17 2.748152e-18
6019.480000 2.913513e-17 2.739446e-18
6022.480000 2.729326e-17 2.715036e-18
6025.480000 2.732034e-17 2.707139e-18
6028.480000 2.905861e-17 2.721390e-18
6031.480000 2.882318e-17 2.719084e-18
6034.480000 2.498359e-17 2.706413e-18
6037.480000 2.486349e-17 2.723951e-18
6040.480000 2.875499e-17 2.746786e-18
6043.480000 2.931438e-17 2.754756e-18
6046.480000 2.979646e-17 2.776620e-18
6049.480000 2.906771e-17 2.788675e-18
6052.480000 2.685121e-17 2.812189e-18
6055.480000 2.625786e-17 2.856510e-18
6058.480000 2.107642e-17 2.872338e-18
6061.480000 2.563527e-17 2.989410e-18
6064.480000 2.841293e-17 3.038980e-18
6067.480000 2.528175e-17 3.053737e-18
6070.480000 2.476824e-17 3.097894e-18
6073.480000 2.711260e-17 3.202496e-18
6076.480000 2.643405e-17 3.250712e-18
6079.480000 3.126581e-17 3.355571e-18
6082.480000 3.439294e-17 3.461314e-18
6085.480000 2.949726e-17 3.496935e-18
6088.480000 3.191703e-17 3.662495e-18
6091.480000 2.909482e-17 3.634021e-18
6094.480000 3.008893e-17 3.572534e-18
6097.480000 2.573537e-17 3.491566e-18
6100.480000 2.868493e-17 3.497013e-18
6103.480000 2.841150e-17 3.422309e-18
6106.480000 3.088036e-17 3.399562e-18
6109.480000 2.742065e-17 3.288912e-18
6112.480000 2.617629e-17 3.180048e-18
6115.480000 2.662219e-17 3.031111e-18
6118.480000 3.203882e-17 2.967193e-18
6121.480000 3.007931e-17 2.915349e-18
6124.480000 2.755980e-17 2.818986e-18
6127.480000 2.930024e-17 2.730936e-18
6130.480000 3.398369e-17 2.736363e-18
6133.480000 3.428611e-17 2.704837e-18
6136.480000 3.481406e-17 2.687465e-18
6139.480000 3.270332e-17 2.668520e-18
6142.480000 2.904154e-17 2.624462e-18
6145.480000 2.548534e-17 2.552651e-18
6148.480000 2.449622e-17 2.525044e-18
6151.480000 2.777835e-17 2.547019e-18
6154.480000 3.100940e-17 2.561076e-18
6157.480000 3.506843e-17 2.576673e-18
6160.480000 3.607477e-17 2.584373e-18
6163.480000 2.972511e-17 2.539126e-18
6166.480000 2.967967e-17 2.567566e-18
6169.480000 3.632057e-17 2.650170e-18
6172.480000 3.690339e-17 2.704824e-18
6175.480000 3.399578e-17 2.710408e-18
6178.480000 3.323734e-17 2.697379e-18
6181.480000 3.104133e-17 2.723726e-18
6184.480000 3.314920e-17 2.803168e-18
6187.480000 3.005856e-17 2.832398e-18
6190.480000 2.919170e-17 2.864252e-18
6193.480000 3.126530e-17 2.944554e-18
6196.480000 3.540357e-17 3.048570e-18
6199.480000 4.081589e-17 3.169311e-18
6202.480000 3.812442e-17 3.208495e-18
6205.480000 3.423911e-17 3.234162e-18
6208.480000 3.283113e-17 3.279974e-18
6211.480000 3.353561e-17 3.356691e-18
6214.480000 3.523105e-17 3.429195e-18
6217.480000 3.715981e-17 3.491755e-18
6220.480000 3.687085e-17 3.440593e-18
6223.480000 2.953893e-17 3.286347e-18
6226.480000 3.573412e-17 3.282345e-18
6229.480000 2.770319e-17 3.148890e-18
6232.480000 3.207509e-17 3.190477e-18
6235.480000 3.746495e-17 3.261999e-18
6238.480000 3.480007e-17 3.208276e-18
6241.480000 2.881384e-17 3.038698e-18
6244.480000 2.957923e-17 2.880359e-18
6247.480000 2.917700e-17 2.761750e-18
6250.480000 3.019195e-17 2.710747e-18
6253.480000 3.282680e-17 2.817566e-18
6256.480000 3.555831e-17 3.033473e-18
6259.480000 3.730482e-17 3.033952e-18
6262.480000 3.608518e-17 2.796345e-18
6265.480000 3.165026e-17 2.680866e-18
6268.480000 2.496684e-17 2.506404e-18
6271.480000 2.205244e-17 2.412508e-18
6274.480000 2.704022e-17 2.406184e-18
6277.480000 2.926623e-17 2.404377e-18
6280.480000 2.903337e-17 2.407106e-18
6283.480000 2.830055e-17 2.439372e-18
6286.480000 3.068193e-17 2.524605e-18
6289.480000 3.013676e-17 2.588945e-18
6292.480000 2.493132e-17 2.669056e-18
6295.480000 2.877249e-17 3.080643e-18
6298.480000 3.670478e-17 3.646093e-18
6301.480000 3.547225e-17 3.863320e-18
6304.480000 2.747418e-17 3.566096e-18
6307.480000 3.165024e-17 3.166470e-18
6310.480000 2.923380e-17 2.844920e-18
6313.480000 2.603573e-17 2.698165e-18
6316.480000 2.980323e-17 2.737964e-18
6319.480000 3.590118e-17 2.844990e-18
6322.480000 3.194687e-17 2.876865e-18
6325.480000 2.710973e-17 2.944482e-18
6328.480000 2.897290e-17 3.070293e-18
6331.480000 3.041195e-17 3.201027e-18
6334.480000 3.054053e-17 3.178780e-18
6337.480000 3.048514e-17 3.161403e-18
6340.480000 3.374239e-17 3.229008e-18
6343.480000 3.564753e-17 3.255235e-18
6346.480000 3.372439e-17 3.200204e-18
6349.480000 3.270708e-17 3.182116e-18
6352.480000 2.876523e-17 3.130086e-18
6355.480000 2.618043e-17 3.043744e-18
6358.480000 3.065135e-17 3.223661e-18
6361.480000 3.357682e-17 3.620844e-18
6364.480000 3.873727e-17 3.398207e-18
6367.480000 3.411108e-17 3.198980e-18
6370.480000 3.234399e-17 2.865927e-18
6373.480000 3.288949e-17 2.654358e-18
6376.480000 3.064267e-17 2.526558e-18
6379.480000 3.161775e-17 2.497917e-18
6382.480000 3.025673e-17 2.457703e-18
6385.480000 2.948225e-17 2.435968e-18
6388.480000 2.813138e-17 2.377349e-18
6391.480000 2.732594e-17 2.315198e-18
6394.480000 3.053048e-17 2.307927e-18
6397.480000 3.057975e-17 2.267362e-18
6400.480000 2.724272e-17 2.220000e-18
6403.480000 2.865199e-17 2.227237e-18
6406.480000 3.223024e-17 2.253782e-18
6409.480000 3.210191e-17 2.264030e-18
6412.480000 3.121234e-17 2.260898e-18
6415.480000 2.909932e-17 2.269366e-18
6418.480000 2.895950e-17 2.318092e-18
6421.480000 2.892819e-17 2.357967e-18
6424.480000 3.444354e-17 2.420423e-18
6427.480000 3.357329e-17 2.421424e-18
6430.480000 2.972548e-17 2.424653e-18
6433.480000 3.060208e-17 2.474654e-18
6436.480000 2.826265e-17 2.485680e-18
6439.480000 2.766251e-17 2.891353e-18
6442.480000 2.985084e-17 2.861829e-18
6445.480000 3.087176e-17 2.694391e-18
6448.480000 2.874760e-17 2.760162e-18
6451.480000 3.380647e-17 2.832474e-18
6454.480000 3.520005e-17 2.903259e-18
6457.480000 3.310132e-17 2.930137e-18
6460.480000 3.224830e-17 3.027044e-18
6463.480000 3.197581e-17 3.140329e-18
6466.480000 3.330543e-17 3.292557e-18
6469.480000 3.456533e-17 3.321284e-18
6472.480000 3.309471e-17 3.250321e-18
6475.480000 2.842305e-17 3.151307e-18
6478.480000 3.116388e-17 3.036536e-18
6481.480000 2.743680e-17 2.902503e-18
6484.480000 2.432893e-17 2.993928e-18
6487.480000 2.677829e-17 2.646540e-18
6490.480000 2.845457e-17 2.591845e-18
6493.480000 3.023330e-17 2.624824e-18
6496.480000 3.353649e-17 2.613526e-18
6499.480000 2.779879e-17 2.607967e-18
6502.480000 2.554152e-17 2.552276e-18
6505.480000 2.970633e-17 2.536719e-18
6508.480000 3.258821e-17 2.439429e-18
6511.480000 2.963801e-17 2.280469e-18
6514.480000 3.131483e-17 2.243634e-18
6517.480000 3.350242e-17 2.235915e-18
6520.480000 3.292292e-17 2.231258e-18
6523.480000 3.166792e-17 2.231621e-18
6526.480000 3.034398e-17 2.231458e-18
6529.480000 3.142625e-17 2.263534e-18
6532.480000 3.175546e-17 2.308505e-18
6535.480000 2.860634e-17 2.285016e-18
6538.480000 2.977703e-17 2.288101e-18
6541.480000 3.168726e-17 2.359885e-18
6544.480000 2.969329e-17 2.346241e-18
6547.480000 2.791614e-17 2.334281e-18
6550.480000 3.437853e-17 2.479770e-18
6553.480000 3.978308e-17 2.544434e-18
6556.480000 3.508995e-17 2.506606e-18
6559.480000 3.130338e-17 2.489782e-18
6562.480000 2.984091e-17 2.515953e-18
6565.480000 3.252647e-17 2.576804e-18
6568.480000 3.208936e-17 2.609610e-18
6571.480000 3.319694e-17 2.660192e-18
6574.480000 3.454400e-17 2.735272e-18
6577.480000 3.288711e-17 2.804406e-18
6580.480000 3.438904e-17 2.877254e-18
6583.480000 3.624387e-17 2.902910e-18
6586.480000 2.945414e-17 2.855648e-18
6589.480000 2.763550e-17 2.875418e-18
6592.480000 2.904815e-17 2.927271e-18
6595.480000 2.972380e-17 2.924629e-18
6598.480000 2.957350e-17 2.872892e-18
6601.480000 2.908396e-17 2.861727e-18
6604.480000 2.792633e-17 2.767000e-18
6607.480000 2.722100e-17 2.658782e-18
6610.480000 2.925638e-17 2.580677e-18
6613.480000 2.918991e-17 2.518065e-18
6616.480000 2.895176e-17 2.452192e-18
6619.480000 3.036953e-17 2.396143e-18
6622.480000 3.194194e-17 2.377958e-18
6625.480000 2.768879e-17 2.304770e-18
6628.480000 2.442876e-17 2.228237e-18
6631.480000 2.434825e-17 2.197740e-18
6634.480000 2.788285e-17 2.193292e-18
6637.480000 3.071006e-17 2.181525e-18
6640.480000 3.096943e-17 2.143286e-18
6643.480000 3.175169e-17 2.119945e-18
6646.480000 3.207321e-17 2.105220e-18
6649.480000 3.163252e-17 2.084244e-18
6652.480000 3.080302e-17 2.070412e-18
6655.480000 2.922046e-17 2.045180e-18
6658.480000 2.725926e-17 2.024455e-18
6661.480000 2.709357e-17 2.028214e-18
6664.480000 2.674565e-17 2.037805e-18
6667.480000 2.871362e-17 2.085293e-18
6670.480000 3.079579e-17 2.114036e-18
6673.480000 2.760880e-17 2.095047e-18
6676.480000 2.582997e-17 2.097532e-18
6679.480000 2.661620e-17 2.134191e-18
6682.480000 2.676289e-17 2.148439e-18
6685.480000 2.391140e-17 2.152214e-18
6688.480000 2.422342e-17 2.218271e-18
6691.480000 2.646140e-17 2.283774e-18
6694.480000 2.877906e-17 2.331730e-18
6697.480000 2.946203e-17 2.388959e-18
6700.480000 2.736032e-17 2.407064e-18
6703.480000 2.433002e-17 2.459718e-18
6706.480000 2.715237e-17 2.547186e-18
6709.480000 2.366365e-17 2.550835e-18
6712.480000 2.252942e-17 2.609245e-18
6715.480000 2.480625e-17 2.691199e-18
6718.480000 2.362403e-17 2.729952e-18
6721.480000 2.435826e-17 2.696267e-18
6724.480000 2.648794e-17 2.683836e-18
6727.480000 2.767172e-17 2.642801e-18
6730.480000 2.810401e-17 2.616592e-18
6733.480000 2.595910e-17 2.505535e-18
6736.480000 2.433344e-17 2.392805e-18
6739.480000 2.323035e-17 2.320521e-18
6742.480000 2.259744e-17 2.262267e-18
6745.480000 2.246883e-17 2.223344e-18
6748.480000 2.324159e-17 2.183716e-18
6751.480000 2.731831e-17 2.162022e-18
6754.480000 3.003027e-17 2.148949e-18
6757.480000 2.837715e-17 2.098750e-18
6760.480000 2.777368e-17 2.056856e-18
6763.480000 2.617797e-17 2.008266e-18
6766.480000 2.782188e-17 1.998526e-18
6769.480000 3.138187e-17 2.009105e-18
6772.480000 3.285990e-17 2.018413e-18
6775.480000 3.139960e-17 2.013306e-18
6778.480000 3.144794e-17 1.978234e-18
6781.480000 3.456491e-17 1.989863e-18
6784.480000 3.752452e-17 2.034186e-18
6787.480000 4.064825e-17 2.064732e-18
6790.480000 3.964842e-17 2.065383e-18
6793.480000 3.988279e-17 2.079797e-18
6796.480000 4.379515e-17 2.122144e-18
6799.480000 4.112893e-17 2.128418e-18
6802.480000 3.869198e-17 2.143910e-18
6805.480000 3.937595e-17 2.182055e-18
6808.480000 4.250625e-17 2.241598e-18
6811.480000 4.609901e-17 2.301862e-18
6814.480000 4.843827e-17 2.367495e-18
6817.480000 4.846599e-17 2.431290e-18
6820.480000 4.970450e-17 2.516495e-18
6823.480000 5.058737e-17 2.643396e-18
6826.480000 4.884812e-17 2.862767e-18
6829.480000 5.177610e-17 3.103157e-18
6832.480000 5.226173e-17 3.231911e-18
6835.480000 4.877418e-17 3.215586e-18
6838.480000 4.906586e-17 3.183250e-18
6841.480000 5.366547e-17 3.398005e-18
6844.480000 5.198701e-17 3.098778e-18
6847.480000 5.545617e-17 3.038830e-18
6850.480000 5.758927e-17 3.229312e-18
6853.480000 5.390060e-17 2.924905e-18
6856.480000 5.448856e-17 2.821260e-18
6859.480000 5.708597e-17 2.935332e-18
6862.480000 6.400719e-17 3.165190e-18
6865.480000 6.263141e-17 3.336283e-18
6868.480000 5.493488e-17 3.218991e-18
6871.480000 5.059384e-17 2.981007e-18
6874.480000 5.242803e-17 2.785080e-18
6877.480000 5.510429e-17 2.644128e-18
6880.480000 5.758122e-17 2.573200e-18
6883.480000 5.735340e-17 2.519064e-18
6886.480000 5.743493e-17 2.508938e-18
6889.480000 5.489414e-17 2.471992e-18
6892.480000 5.519043e-17 2.445358e-18
6895.480000 5.782957e-17 2.412908e-18
6898.480000 5.816665e-17 2.388783e-18
6901.480000 5.760273e-17 2.384974e-18
6904.480000 5.850892e-17 2.360019e-18
6907.480000 5.900250e-17 2.323116e-18
6910.480000 5.717679e-17 2.315678e-18
6913.480000 5.507674e-17 2.322085e-18
6916.480000 5.308585e-17 2.322161e-18
6919.480000 5.493648e-17 2.386943e-18
6922.480000 5.795575e-17 2.481542e-18
6925.480000 5.868605e-17 2.503054e-18
6928.480000 5.666235e-17 2.425023e-18
6931.480000 5.609655e-17 2.370260e-18
6934.480000 5.676626e-17 2.401068e-18
6937.480000 5.595954e-17 2.482128e-18
6940.480000 5.528504e-17 2.567047e-18
6943.480000 5.253917e-17 2.620602e-18
6946.480000 5.564272e-17 2.774041e-18
6949.480000 5.896778e-17 2.908856e-18
6952.480000 5.519910e-17 2.875121e-18
6955.480000 5.271557e-17 2.796335e-18
6958.480000 5.011170e-17 2.738750e-18
6961.480000 4.839702e-17 2.748079e-18
6964.480000 4.964810e-17 2.822339e-18
6967.480000 5.146913e-17 2.917714e-18
6970.480000 4.811493e-17 2.960723e-18
6973.480000 5.097475e-17 2.982451e-18
6976.480000 5.341995e-17 2.967836e-18
6979.480000 5.234063e-17 2.948880e-18
6982.480000 5.079086e-17 2.817729e-18
6985.480000 4.573450e-17 2.603782e-18
6988.480000 4.432336e-17 2.476574e-18
6991.480000 4.379211e-17 2.398532e-18
6994.480000 4.547404e-17 2.366374e-18
6997.480000 4.439772e-17 2.371712e-18
7000.480000 4.659765e-17 2.417400e-18
7003.480000 4.492420e-17 2.515633e-18
7006.480000 4.350727e-17 2.477078e-18
7009.480000 4.845630e-17 2.254892e-18
7012.480000 5.052165e-17 2.235349e-18
7015.480000 4.625776e-17 2.171124e-18
7018.480000 4.700843e-17 2.165188e-18
7021.480000 4.862897e-17 2.173865e-18
7024.480000 4.962761e-17 2.159612e-18
7027.480000 5.506478e-17 2.091021e-18
7030.480000 5.505360e-17 2.067055e-18
7033.480000 4.566301e-17 1.986015e-18
7036.480000 4.410668e-17 1.985296e-18
7039.480000 4.560230e-17 2.020914e-18
7042.480000 4.439612e-17 2.048940e-18
7045.480000 4.247700e-17 2.078972e-18
7048.480000 4.271462e-17 2.127156e-18
7051.480000 4.529404e-17 2.167272e-18
7054.480000 4.545618e-17 2.168670e-18
7057.480000 4.429825e-17 2.160915e-18
7060.480000 4.285819e-17 2.174893e-18
7063.480000 4.160909e-17 2.207352e-18
7066.480000 4.094532e-17 2.249568e-18
7069.480000 4.188990e-17 2.282050e-18
7072.480000 4.086321e-17 2.316720e-18
7075.480000 4.250061e-17 2.387403e-18
7078.480000 4.256898e-17 2.449524e-18
7081.480000 3.882375e-17 2.478403e-18
7084.480000 3.872811e-17 2.526098e-18
7087.480000 4.080398e-17 2.597147e-18
7090.480000 4.060714e-17 2.652151e-18
7093.480000 4.111528e-17 2.695062e-18
7096.480000 4.059085e-17 2.700323e-18
7099.480000 4.014173e-17 2.622742e-18
7102.480000 3.975131e-17 2.555167e-18
7105.480000 4.023729e-17 2.511792e-18
7108.480000 3.905664e-17 2.492314e-18
7111.480000 3.928408e-17 2.416868e-18
7114.480000 3.935187e-17 2.461385e-18
7117.480000 4.053826e-17 2.371928e-18
7120.480000 4.001672e-17 2.369797e-18
7123.480000 3.666241e-17 2.172792e-18
7126.480000 3.629223e-17 2.129307e-18
7129.480000 3.800316e-17 2.113065e-18
7132.480000 3.661499e-17 2.045622e-18
7135.480000 3.441919e-17 1.998787e-18
7138.480000 3.618725e-17 1.987402e-18
7141.480000 3.657985e-17 1.976886e-18
7144.480000 3.477113e-17 1.963996e-18
7147.480000 3.399401e-17 1.940493e-18
7150.480000 3.349399e-17 1.905695e-18
7153.480000 3.138723e-17 1.865448e-18
7156.480000 3.134754e-17 1.871116e-18
7159.480000 3.160931e-17 1.880247e-18
7162.480000 2.852787e-17 1.864188e-18
7165.480000 2.702419e-17 1.861486e-18
7168.480000 2.863900e-17 1.871354e-18
7171.480000 2.990710e-17 1.888507e-18
7174.480000 2.940384e-17 1.892771e-18
7177.480000 2.989221e-17 1.936149e-18
7180.480000 2.973096e-17 1.950861e-18
7183.480000 2.859052e-17 1.939800e-18
7186.480000 2.682546e-17 1.938950e-18
7189.480000 2.678079e-17 1.959870e-18
7192.480000 2.713303e-17 1.987801e-18
7195.480000 2.706116e-17 2.022355e-18
7198.480000 2.581618e-17 2.061374e-18
7201.480000 2.668342e-17 2.106892e-18
7204.480000 2.833412e-17 2.150594e-18
7207.480000 2.921039e-17 2.215431e-18
7210.480000 2.996247e-17 2.279088e-18
7213.480000 2.795697e-17 2.326163e-18
7216.480000 2.760180e-17 2.370428e-18
7219.480000 2.596846e-17 2.436415e-18
7222.480000 2.702848e-17 2.474262e-18
7225.480000 2.604151e-17 2.436180e-18
7228.480000 2.463675e-17 2.371850e-18
7231.480000 2.230361e-17 2.372182e-18
7234.480000 2.296169e-17 2.517979e-18
7237.480000 2.722823e-17 2.952323e-18
7240.480000 2.837224e-17 3.229673e-18
7243.480000 3.231983e-17 3.386790e-18
7246.480000 3.271277e-17 3.161021e-18
7249.480000 3.010781e-17 2.738528e-18
7252.480000 2.766934e-17 2.397433e-18
7255.480000 2.757795e-17 2.210823e-18
7258.480000 2.477187e-17 2.061965e-18
7261.480000 2.219425e-17 1.937196e-18
7264.480000 2.170969e-17 1.875818e-18
7267.480000 2.351482e-17 1.911656e-18
7270.480000 2.673585e-17 2.068148e-18
7273.480000 2.800544e-17 2.355427e-18
7276.480000 2.933170e-17 2.613495e-18
7279.480000 2.674198e-17 2.608528e-18
7282.480000 2.439346e-17 2.412385e-18
7285.480000 2.492828e-17 2.238274e-18
7288.480000 2.493321e-17 2.092090e-18
7291.480000 2.729523e-17 1.980748e-18
7294.480000 2.748874e-17 1.943598e-18
7297.480000 2.635490e-17 1.953497e-18
7300.480000 2.683708e-17 2.000443e-18
7303.480000 2.653655e-17 2.070403e-18
7306.480000 2.363054e-17 2.115498e-18
7309.480000 2.374374e-17 2.158571e-18
7312.480000 2.636194e-17 2.375330e-18
7315.480000 2.896314e-17 2.651988e-18
7318.480000 2.537021e-17 2.681269e-18
7321.480000 2.212903e-17 2.461354e-18
7324.480000 2.092139e-17 2.302567e-18
7327.480000 2.383838e-17 2.412822e-18
7330.480000 2.544943e-17 2.552579e-18
7333.480000 2.243258e-17 2.578717e-18
7336.480000 2.294071e-17 2.749229e-18
7339.480000 3.037504e-17 3.199211e-18
7342.480000 2.875578e-17 3.422980e-18
7345.480000 2.168345e-17 3.179847e-18
7348.480000 2.430230e-17 2.756967e-18
7351.480000 2.347194e-17 2.521704e-18
7354.480000 2.668267e-17 2.509160e-18
7357.480000 2.863202e-17 2.601764e-18
7360.480000 2.677623e-17 2.627230e-18
7363.480000 2.474616e-17 2.686963e-18
7366.480000 2.443280e-17 2.659578e-18
7369.480000 2.689990e-17 2.901212e-18
7372.480000 2.585593e-17 2.728139e-18
7375.480000 2.405518e-17 2.374342e-18
7378.480000 2.633433e-17 2.052421e-18
7381.480000 2.666970e-17 1.927282e-18
7384.480000 2.611139e-17 1.884735e-18
7387.480000 2.506148e-17 1.889692e-18
7390.480000 2.416610e-17 1.950037e-18
7393.480000 2.137731e-17 1.979233e-18
7396.480000 2.068789e-17 1.977275e-18
7399.480000 2.340735e-17 2.045202e-18
7402.480000 2.405940e-17 2.116225e-18
7405.480000 2.276675e-17 2.048734e-18
7408.480000 2.499301e-17 1.899042e-18
7411.480000 2.826662e-17 1.805512e-18
7414.480000 2.777906e-17 1.769137e-18
7417.480000 2.483872e-17 1.760798e-18
7420.480000 2.251566e-17 1.780689e-18
7423.480000 2.572508e-17 1.819330e-18
7426.480000 2.627113e-17 1.850716e-18
7429.480000 2.530719e-17 1.910961e-18
7432.480000 2.459863e-17 1.970221e-18
7435.480000 2.496470e-17 2.046310e-18
7438.480000 2.375784e-17 2.119116e-18
7441.480000 2.262075e-17 2.120484e-18
7444.480000 2.380288e-17 2.050268e-18
7447.480000 2.325226e-17 1.982407e-18
7450.480000 2.508515e-17 2.029712e-18
7453.480000 2.555083e-17 2.088287e-18
7456.480000 2.400875e-17 2.126344e-18
7459.480000 2.323217e-17 2.182206e-18
7462.480000 2.179956e-17 2.312322e-18
7465.480000 2.426461e-17 2.400279e-18
7468.480000 2.261853e-17 2.508632e-18
7471.480000 2.417384e-17 2.633074e-18
7474.480000 2.395612e-17 2.662670e-18
7477.480000 2.437573e-17 2.621432e-18
7480.480000 2.325670e-17 2.569136e-18
7483.480000 2.649609e-17 2.528280e-18
7486.480000 2.402170e-17 2.390830e-18
7489.480000 2.413732e-17 2.214679e-18
7492.480000 2.280819e-17 2.096023e-18
7495.480000 2.254359e-17 2.035163e-18
7498.480000 2.249105e-17 1.975300e-18
7501.480000 2.412448e-17 1.916712e-18
7504.480000 2.489701e-17 1.887623e-18
7507.480000 2.296336e-17 1.820531e-18
7510.480000 2.062364e-17 1.763811e-18
7513.480000 1.983899e-17 1.751008e-18
7516.480000 2.102498e-17 1.811474e-18
7519.480000 2.249375e-17 1.924179e-18
7522.480000 2.432492e-17 2.080088e-18
7525.480000 2.487742e-17 2.160523e-18
7528.480000 2.279993e-17 2.079336e-18
7531.480000 2.190908e-17 1.927925e-18
7534.480000 2.271526e-17 1.814340e-18
7537.480000 2.217009e-17 1.735621e-18
7540.480000 2.193410e-17 1.701540e-18
7543.480000 2.218185e-17 1.697537e-18
7546.480000 2.262941e-17 1.710370e-18
7549.480000 2.384655e-17 1.725920e-18
7552.480000 2.333745e-17 1.756382e-18
7555.480000 2.264869e-17 1.811350e-18
7558.480000 2.296137e-17 1.867758e-18
7561.480000 2.387725e-17 1.897243e-18
7564.480000 2.314527e-17 1.930238e-18
7567.480000 2.282040e-17 2.047958e-18
7570.480000 2.149730e-17 2.227018e-18
7573.480000 2.205179e-17 2.333177e-18
7576.480000 2.111099e-17 2.259891e-18
7579.480000 2.153953e-17 2.139289e-18
7582.480000 2.388856e-17 2.183488e-18
7585.480000 2.532649e-17 2.309094e-18
7588.480000 2.520720e-17 2.462906e-18
7591.480000 2.476507e-17 2.624819e-18
7594.480000 2.101855e-17 3.045585e-18
7597.480000 1.623498e-17 3.667944e-18
7600.480000 2.164264e-17 4.413057e-18
7603.480000 2.091363e-17 4.437351e-18
7606.480000 1.724327e-17 4.217491e-18
7609.480000 1.849288e-17 3.691699e-18
7612.480000 1.909984e-17 3.254285e-18
7615.480000 2.095490e-17 2.841933e-18
7618.480000 2.474312e-17 2.745910e-18
7621.480000 2.256582e-17 2.666396e-18
7624.480000 2.382644e-17 2.782422e-18
7627.480000 2.251097e-17 2.885819e-18
7630.480000 2.219661e-17 2.910290e-18
7633.480000 2.429306e-17 2.763797e-18
7636.480000 2.080868e-17 2.572226e-18
7639.480000 1.877537e-17 2.370544e-18
7642.480000 1.778950e-17 2.241079e-18
7645.480000 1.899475e-17 2.146886e-18
7648.480000 2.155963e-17 2.095285e-18
7651.480000 2.161626e-17 2.085060e-18
7654.480000 2.141442e-17 2.063077e-18
7657.480000 2.196751e-17 1.947597e-18
7660.480000 2.204617e-17 1.916751e-18
7663.480000 2.261082e-17 1.908954e-18
7666.480000 2.171802e-17 1.853350e-18
7669.480000 1.925235e-17 1.775340e-18
7672.480000 1.991881e-17 1.754667e-18
7675.480000 2.179715e-17 1.769754e-18
7678.480000 2.275082e-17 1.814736e-18
7681.480000 2.286956e-17 1.841842e-18
7684.480000 2.066403e-17 1.854212e-18
7687.480000 1.988087e-17 1.864205e-18
7690.480000 1.811558e-17 1.891849e-18
7693.480000 1.856556e-17 1.929028e-18
7696.480000 2.099550e-17 1.999061e-18
7699.480000 2.178093e-17 2.047557e-18
7702.480000 2.019486e-17 2.091472e-18
7705.480000 1.860797e-17 2.221100e-18
7708.480000 1.867958e-17 2.610140e-18
7711.480000 1.941194e-17 3.242952e-18
7714.480000 2.727584e-17 3.824467e-18
7717.480000 2.869829e-17 3.955895e-18
7720.480000 2.218825e-17 3.601388e-18
7723.480000 2.123671e-17 3.139792e-18
7726.480000 2.351496e-17 2.872498e-18
7729.480000 2.438931e-17 2.671911e-18
7732.480000 2.116453e-17 2.427172e-18
7735.480000 1.447401e-17 2.248136e-18
7738.480000 1.501431e-17 2.174182e-18
7741.480000 1.743613e-17 2.165573e-18
7744.480000 1.518461e-17 2.260983e-18
7747.480000 1.738942e-17 2.661612e-18
7750.480000 2.544785e-17 3.147560e-18
7753.480000 2.760445e-17 3.198762e-18
7756.480000 1.759414e-17 2.759034e-18
7759.480000 1.691622e-17 2.443550e-18
7762.480000 1.784185e-17 2.305624e-18
7765.480000 1.928933e-17 2.111879e-18
7768.480000 2.401028e-17 2.015441e-18
7771.480000 2.549379e-17 2.082695e-18
7774.480000 2.551605e-17 2.162557e-18
7777.480000 2.163910e-17 2.152803e-18
7780.480000 1.672619e-17 2.074510e-18
7783.480000 1.445578e-17 2.080375e-18
7786.480000 1.203612e-17 2.200950e-18
7789.480000 1.213168e-17 2.384152e-18
7792.480000 1.844521e-17 2.573701e-18
7795.480000 2.222636e-17 2.633913e-18
7798.480000 1.911753e-17 2.395388e-18
7801.480000 1.527942e-17 2.090644e-18
7804.480000 1.795189e-17 2.067095e-18
7807.480000 2.647064e-17 2.261975e-18
7810.480000 2.402723e-17 2.303420e-18
7813.480000 1.709004e-17 2.234802e-18
7816.480000 1.712722e-17 2.412926e-18
7819.480000 2.117216e-17 2.900800e-18
7822.480000 2.518426e-17 3.191817e-18
7825.480000 2.402623e-17 2.947524e-18
7828.480000 2.146719e-17 2.467316e-18
7831.480000 1.816832e-17 2.212405e-18
7834.480000 1.574870e-17 2.220705e-18
7837.480000 1.765799e-17 2.423420e-18
7840.480000 1.871233e-17 2.690380e-18
7843.480000 2.163751e-17 3.157433e-18
7846.480000 2.015046e-17 2.898849e-18
7849.480000 1.921250e-17 3.196954e-18
7852.480000 2.632215e-17 3.756306e-18
7855.480000 2.638649e-17 3.852673e-18
7858.480000 2.257394e-17 3.455998e-18
7861.480000 2.369038e-17 3.060945e-18
7864.480000 2.011604e-17 2.784566e-18
7867.480000 1.567711e-17 2.621082e-18
7870.480000 1.856520e-17 2.694444e-18
7873.480000 1.672495e-17 2.632246e-18
7876.480000 1.487389e-17 2.450826e-18
7879.480000 1.780550e-17 2.430215e-18
7882.480000 1.895023e-17 2.441741e-18
7885.480000 1.774844e-17 2.400782e-18
7888.480000 1.924300e-17 2.457876e-18
7891.480000 2.212194e-17 2.522297e-18
7894.480000 1.760264e-17 2.308850e-18
7897.480000 1.912961e-17 2.003281e-18
7900.480000 2.108318e-17 1.861359e-18
7903.480000 1.817821e-17 1.830305e-18
7906.480000 1.899482e-17 1.946411e-18
7909.480000 2.051105e-17 2.272683e-18
7912.480000 2.199878e-17 2.715228e-18
7915.480000 2.463449e-17 2.927512e-18
7918.480000 1.980772e-17 2.763714e-18
7921.480000 1.853188e-17 2.542752e-18
7924.480000 1.921659e-17 2.350428e-18
7927.480000 1.661366e-17 2.209228e-18
7930.480000 1.848927e-17 2.259762e-18
7933.480000 1.827908e-17 2.249837e-18
7936.480000 1.511987e-17 2.080546e-18
7939.480000 1.770175e-17 1.979904e-18
7942.480000 2.013320e-17 2.015872e-18
7945.480000 1.774672e-17 2.125584e-18
7948.480000 1.924872e-17 2.336262e-18
7951.480000 1.857427e-17 2.348178e-18
7954.480000 1.871210e-17 2.296103e-18
7957.480000 2.083915e-17 2.287658e-18
7960.480000 2.131828e-17 2.660987e-18
7963.480000 1.945690e-17 3.141415e-18
7966.480000 2.375283e-17 3.494416e-18
7969.480000 2.064374e-17 3.482930e-18
7972.480000 1.691930e-17 3.531151e-18
7975.480000 1.859448e-17 3.544002e-18
7978.480000 2.065380e-17 3.274799e-18
7981.480000 2.270314e-17 3.175179e-18
7984.480000 1.624705e-17 2.671352e-18
7987.480000 1.245648e-17 2.461228e-18
7990.480000 1.669203e-17 2.770076e-18
7993.480000 2.951495e-17 3.233368e-18
7996.480000 2.488013e-17 3.148764e-18
7999.480000 1.527990e-17 2.582194e-18
8002.480000 1.464722e-17 2.142749e-18
8005.480000 1.786168e-17 2.008899e-18
8008.480000 1.814892e-17 1.969740e-18
8011.480000 2.063136e-17 2.056953e-18
8014.480000 2.136276e-17 2.164358e-18
8017.480000 1.836671e-17 2.160255e-18
8020.480000 1.536085e-17 2.136231e-18
8023.480000 2.108364e-17 2.306829e-18
8026.480000 2.681764e-17 2.514387e-18
8029.480000 2.244270e-17 2.426377e-18
8032.480000 1.647177e-17 2.082870e-18
8035.480000 1.725103e-17 1.851209e-18
8038.480000 1.875487e-17 1.774177e-18
8041.480000 2.080940e-17 1.748163e-18
8044.480000 1.976485e-17 1.739417e-18
8047.480000 1.867237e-17 1.795935e-18
8050.480000 1.946282e-17 1.899459e-18
8053.480000 1.782240e-17 1.937933e-18
8056.480000 1.426678e-17 1.961587e-18
8059.480000 1.839186e-17 2.137578e-18
8062.480000 2.100542e-17 2.275224e-18
8065.480000 1.575865e-17 2.214813e-18
8068.480000 1.348441e-17 2.030196e-18
8071.480000 1.744379e-17 1.983993e-18
8074.480000 1.745742e-17 1.997150e-18
8077.480000 1.657673e-17 2.027492e-18
8080.480000 1.725088e-17 2.082444e-18
8083.480000 1.500550e-17 2.089187e-18
8086.480000 1.631327e-17 2.166046e-18
8089.480000 2.006009e-17 2.272339e-18
8092.480000 1.993906e-17 2.353822e-18
8095.480000 1.906475e-17 2.426560e-18
8098.480000 1.451015e-17 2.462877e-18
8101.480000 1.665485e-17 2.562175e-18
8104.480000 1.895814e-17 2.577839e-18
8107.480000 2.069793e-17 2.451899e-18
8110.480000 2.206487e-17 2.317867e-18
8113.480000 1.756834e-17 2.169347e-18
8116.480000 1.475803e-17 2.080657e-18
8119.480000 1.435833e-17 2.030650e-18
8122.480000 1.486938e-17 1.983388e-18
8125.480000 1.622572e-17 1.950276e-18
8128.480000 1.875658e-17 1.942635e-18
8131.480000 2.094838e-17 1.940067e-18
8134.480000 2.091411e-17 1.927450e-18
8137.480000 2.019621e-17 1.933877e-18
8140.480000 1.651046e-17 1.868393e-18
8143.480000 1.630565e-17 1.850325e-18
8146.480000 1.542396e-17 1.836005e-18
8149.480000 1.366235e-17 1.807016e-18
8152.480000 1.587932e-17 1.764514e-18
8155.480000 1.933730e-17 1.743417e-18
8158.480000 2.070825e-17 1.738637e-18
8161.480000 2.005587e-17 1.717932e-18
8164.480000 1.681447e-17 1.675653e-18
8167.480000 1.475300e-17 1.658411e-18
8170.480000 1.455578e-17 1.673092e-18
8173.480000 1.667298e-17 1.705032e-18
8176.480000 1.618049e-17 1.707382e-18
8179.480000 1.629627e-17 1.738760e-18
8182.480000 1.885282e-17 1.789223e-18
8185.480000 1.893306e-17 1.802605e-18
8188.480000 2.011205e-17 1.846803e-18
8191.480000 2.046914e-17 1.913173e-18
8194.480000 2.013510e-17 1.959786e-18
8197.480000 1.816626e-17 1.983934e-18
8200.480000 1.543557e-17 1.993970e-18
8203.480000 1.502559e-17 2.020051e-18
8206.480000 1.645145e-17 2.096994e-18
8209.480000 1.873186e-17 2.183374e-18
8212.480000 1.964535e-17 2.229162e-18
8215.480000 1.898565e-17 2.239521e-18
8218.480000 1.815659e-17 2.262811e-18
8221.480000 1.590095e-17 2.286465e-18
8224.480000 1.715769e-17 2.353915e-18
8227.480000 1.854471e-17 2.372548e-18
8230.480000 1.775638e-17 2.283045e-18
8233.480000 1.418953e-17 2.236239e-18
8236.480000 1.396578e-17 2.185905e-18
8239.480000 1.626692e-17 2.187220e-18
8242.480000 1.527730e-17 2.151396e-18
8245.480000 2.068351e-17 2.173700e-18
8248.480000 2.430469e-17 2.156094e-18
8251.480000 2.341328e-17 2.091341e-18
8254.480000 1.630573e-17 1.982354e-18
8257.480000 1.447247e-17 1.908336e-18
8260.480000 1.647532e-17 1.885127e-18
8263.480000 1.713589e-17 1.850798e-18
8266.480000 1.670827e-17 1.829135e-18
8269.480000 1.343798e-17 1.795444e-18
8272.480000 1.445303e-17 1.858440e-18
8275.480000 1.445692e-17 2.040341e-18
8278.480000 1.623026e-17 2.346812e-18
8281.480000 1.875676e-17 2.646985e-18
8284.480000 1.608549e-17 2.769410e-18
8287.480000 2.035378e-17 2.850485e-18
8290.480000 1.743005e-17 2.809172e-18
8293.480000 1.121333e-17 2.686628e-18
8296.480000 1.909190e-17 2.818247e-18
8299.480000 2.887982e-17 2.961530e-18
8302.480000 2.140183e-17 2.714221e-18
8305.480000 1.207483e-17 2.320085e-18
8308.480000 1.514251e-17 2.243760e-18
8311.480000 2.174113e-17 2.321629e-18
8314.480000 1.912509e-17 2.220105e-18
8317.480000 1.789911e-17 2.095982e-18
8320.480000 1.857655e-17 2.052256e-18
8323.480000 1.559294e-17 2.063169e-18
8326.480000 1.329705e-17 2.056558e-18
8329.480000 1.449470e-17 2.210479e-18
8332.480000 1.366671e-17 2.183923e-18
8335.480000 1.183933e-17 2.367042e-18
8338.480000 2.026246e-18 2.825316e-18
8341.480000 2.222430e-17 4.012551e-18
8344.480000 4.792171e-17 5.145672e-18
8347.480000 3.518396e-17 5.113934e-18
8350.480000 1.436305e-17 4.349742e-18
8353.480000 2.632812e-17 3.960376e-18
8356.480000 1.433935e-17 3.428390e-18
8359.480000 7.942131e-18 2.847890e-18
8362.480000 1.928970e-17 2.785748e-18
8365.480000 2.329458e-17 2.841061e-18
8368.480000 1.577113e-17 2.594047e-18
8371.480000 1.242486e-17 2.278525e-18
8374.480000 1.675257e-17 2.197254e-18
8377.480000 1.540544e-17 2.243834e-18
8380.480000 1.824629e-17 2.508163e-18
8383.480000 2.229536e-17 2.714304e-18
8386.480000 1.477825e-17 2.510475e-18
8389.480000 1.048597e-17 2.190396e-18
8392.480000 1.103714e-17 2.165189e-18
8395.480000 2.078231e-17 2.604581e-18
8398.480000 3.937286e-17 3.280916e-18
8401.480000 3.431070e-17 3.410343e-18
8404.480000 1.209060e-17 2.810517e-18
8407.480000 7.402394e-18 2.159603e-18
8410.480000 1.668784e-17 2.119325e-18
8413.480000 2.480636e-17 2.404731e-18
8416.480000 2.374692e-17 2.544823e-18
8419.480000 1.310056e-17 2.365661e-18
8422.480000 6.615253e-18 2.262456e-18
8425.480000 1.273287e-17 2.786183e-18
8428.480000 3.034923e-17 3.546185e-18
8431.480000 3.704345e-17 3.736319e-18
8434.480000 2.093398e-17 3.212300e-18
8437.480000 1.424012e-17 2.497751e-18
8440.480000 1.370398e-17 2.118845e-18
8443.480000 1.452392e-17 2.114828e-18
8446.480000 1.903983e-17 2.290336e-18
8449.480000 2.417161e-17 2.639850e-18
8452.480000 2.285419e-17 2.911695e-18
8455.480000 1.217852e-17 2.800952e-18
8458.480000 6.174707e-18 2.644460e-18
8461.480000 1.530411e-17 3.129571e-18
8464.480000 3.151256e-17 3.944506e-18
8467.480000 2.030572e-17 4.020665e-18
8470.480000 6.647422e-18 3.343904e-18
8473.480000 9.800341e-18 2.763291e-18
8476.480000 1.289934e-17 2.596224e-18
8479.480000 1.605163e-17 2.515493e-18
8482.480000 1.678845e-17 2.409551e-18
8485.480000 1.516180e-17 2.354307e-18
8488.480000 1.529101e-17 2.396996e-18
8491.480000 2.079985e-17 2.625217e-18
8494.480000 2.169314e-17 2.800549e-18
8497.480000 1.293033e-17 2.666864e-18
8500.480000 1.196160e-17 2.601359e-18
8503.480000 2.344957e-17 2.902599e-18
8506.480000 2.582750e-17 3.052325e-18
8509.480000 1.125061e-17 2.666709e-18
8512.480000 9.197238e-18 2.206982e-18
8515.480000 1.590855e-17 2.048496e-18
8518.480000 1.847496e-17 1.987660e-18
8521.480000 1.715477e-17 1.942397e-18
8524.480000 1.633476e-17 1.882800e-18
8527.480000 1.529922e-17 1.827628e-18
8530.480000 1.557227e-17 1.812757e-18
8533.480000 1.666083e-17 1.842073e-18
8536.480000 1.761708e-17 1.924515e-18
8539.480000 1.808107e-17 2.009113e-18
8542.480000 1.588438e-17 2.021221e-18
8545.480000 1.724926e-17 2.107232e-18
8548.480000 2.058341e-17 2.254032e-18
8551.480000 1.534678e-17 2.209425e-18
8554.480000 1.004875e-17 2.031963e-18
8557.480000 1.023337e-17 1.905883e-18
8560.480000 1.304650e-17 1.891587e-18
8563.480000 1.522778e-17 1.908181e-18
8566.480000 1.589908e-17 1.944196e-18
8569.480000 1.617044e-17 1.993746e-18
8572.480000 1.690596e-17 2.075599e-18
8575.480000 1.548629e-17 2.140590e-18
8578.480000 1.414499e-17 2.169302e-18
8581.480000 1.289742e-17 2.194486e-18
8584.480000 1.458199e-17 2.304488e-18
8587.480000 1.372886e-17 2.428280e-18
8590.480000 1.382321e-17 2.649025e-18
8593.480000 1.556886e-17 2.594237e-18
8596.480000 2.073745e-17 2.730476e-18
8599.480000 1.909651e-17 2.816624e-18
8602.480000 1.537447e-17 2.683145e-18
8605.480000 1.257565e-17 2.571446e-18
8608.480000 7.863005e-18 2.493745e-18
8611.480000 1.101265e-17 2.625445e-18
8614.480000 1.585268e-17 2.843383e-18
8617.480000 2.098516e-17 3.109290e-18
8620.480000 2.084758e-17 3.355433e-18
8623.480000 1.783371e-17 3.585070e-18
8626.480000 1.489210e-17 3.719945e-18
8629.480000 1.734399e-17 3.779471e-18
8632.480000 2.159515e-17 3.734164e-18
8635.480000 2.051574e-17 3.533580e-18
8638.480000 1.903938e-17 3.225169e-18
8641.480000 1.508515e-17 2.894048e-18
8644.480000 9.681696e-18 2.650688e-18
8647.480000 1.205837e-17 2.701492e-18
8650.480000 1.806130e-17 2.997731e-18
8653.480000 1.885407e-17 3.205990e-18
8656.480000 1.711617e-17 3.288559e-18
8659.480000 1.696234e-17 3.310066e-18
8662.480000 1.846810e-17 3.274464e-18
8665.480000 1.777184e-17 3.194353e-18
8668.480000 1.772706e-17 3.098442e-18
8671.480000 1.883182e-17 2.977855e-18
8674.480000 1.938378e-17 2.833962e-18
8677.480000 1.780634e-17 2.697571e-18
8680.480000 1.561102e-17 2.571072e-18
8683.480000 1.552174e-17 2.461762e-18
8686.480000 1.248867e-17 2.358502e-18
8689.480000 1.120173e-17 2.297194e-18
8692.480000 1.273231e-17 2.254724e-18
8695.480000 1.596823e-17 2.272345e-18
8698.480000 1.753675e-17 2.317224e-18
8701.480000 1.637706e-17 2.343404e-18
8704.480000 1.842862e-17 2.396030e-18
8707.480000 1.854470e-17 2.427073e-18
8710.480000 1.435734e-17 2.382377e-18
8713.480000 9.835414e-18 2.339820e-18
8716.480000 1.247570e-17 2.408731e-18
8719.480000 1.264436e-17 2.422518e-18
8722.480000 1.224952e-17 2.464804e-18
8725.480000 1.486940e-17 2.545979e-18
8728.480000 1.583553e-17 2.608795e-18
8731.480000 1.475632e-17 2.557001e-18
8734.480000 1.422368e-17 2.496208e-18
8737.480000 1.124640e-17 2.450682e-18
8740.480000 6.919657e-18 2.400123e-18
8743.480000 8.836380e-18 2.362081e-18
8746.480000 7.648669e-18 2.272120e-18
8749.480000 7.234264e-18 2.236499e-18
8752.480000 4.416148e-18 2.281672e-18
8755.480000 6.621647e-18 2.583663e-18
8758.480000 1.443177e-17 3.265507e-18
8761.480000 1.561244e-17 3.905295e-18
8764.480000 1.300612e-17 4.168733e-18
8767.480000 1.435327e-17 4.205889e-18
8770.480000 4.734939e-18 3.952912e-18
8773.480000 1.110432e-17 3.622969e-18
8776.480000 3.341038e-17 3.777476e-18
8779.480000 2.429843e-17 3.849987e-18
8782.480000 8.462542e-18 3.313124e-18
8785.480000 7.757044e-18 2.621651e-18
8788.480000 1.416629e-17 2.476342e-18
8791.480000 1.372299e-17 2.590075e-18
8794.480000 9.857862e-18 2.474428e-18
8797.480000 9.751198e-18 2.184581e-18
8800.480000 8.492047e-18 1.982018e-18
8803.480000 6.578205e-18 1.931502e-18
8806.480000 7.890043e-18 1.994724e-18
8809.480000 9.022621e-18 2.070046e-18
8812.480000 8.444858e-18 2.102073e-18
8815.480000 7.372102e-18 2.140754e-18
8818.480000 -2.492543e-18 2.331077e-18
8821.480000 -2.210128e-18 3.260288e-18
8824.480000 2.482617e-17 4.895482e-18
8827.480000 3.119240e-17 5.919797e-18
8830.480000 2.682203e-18 5.521757e-18
8833.480000 1.244664e-17 4.737111e-18
8836.480000 2.351435e-17 4.551894e-18
8839.480000 2.545949e-18 4.028321e-18
8842.480000 -2.182074e-18 3.256173e-18
8845.480000 7.113317e-18 3.047539e-18
8848.480000 1.654396e-17 3.368522e-18
8851.480000 1.711048e-17 3.534794e-18
8854.480000 1.140968e-17 3.253426e-18
8857.480000 9.654600e-18 2.896566e-18
8860.480000 1.008521e-17 2.860909e-18
8863.480000 1.530145e-17 3.167584e-18
8866.480000 1.986781e-17 3.671733e-18
8869.480000 1.621108e-17 3.784401e-18
8872.480000 2.959334e-18 3.254210e-18
8875.480000 7.425549e-18 2.724479e-18
8878.480000 8.700155e-18 2.666823e-18
8881.480000 1.867181e-17 3.258164e-18
8884.480000 4.504465e-17 4.391572e-18
8887.480000 2.830887e-17 4.869563e-18
8890.480000 -8.303159e-18 4.123850e-18
8893.480000 -2.994881e-18 2.993142e-18
8896.480000 5.397007e-18 2.502945e-18
8899.480000 1.240510e-17 2.718218e-18
8902.480000 2.397187e-17 3.202516e-18
8905.480000 1.533162e-17 3.270842e-18
8908.480000 9.648719e-19 2.860503e-18
8911.480000 -2.227908e-19 2.549694e-18
8914.480000 1.043677e-17 3.016658e-18
8917.480000 3.122489e-17 4.058837e-18
8920.480000 2.939133e-17 4.622610e-18
8923.480000 1.924765e-18 4.115100e-18
8926.480000 1.457258e-18 3.113006e-18
8929.480000 1.133744e-17 2.493132e-18
8932.480000 1.238511e-17 2.332457e-18
8935.480000 9.460014e-18 2.336982e-18
8938.480000 9.327124e-18 2.603842e-18
8941.480000 1.425332e-17 3.130747e-18
8944.480000 9.386205e-18 3.363776e-18
8947.480000 1.794980e-19 3.087575e-18
8950.480000 6.434835e-19 2.845788e-18
8953.480000 1.332942e-17 3.474182e-18
8956.480000 2.874725e-17 4.664457e-18
8959.480000 2.112453e-17 5.100568e-18
8962.480000 2.269106e-18 4.342309e-18
8965.480000 1.028857e-17 3.320408e-18
8968.480000 1.191318e-17 2.874407e-18
8971.480000 1.034648e-17 2.842779e-18
8974.480000 1.114625e-17 2.883881e-18
8977.480000 1.342993e-17 3.003652e-18
8980.480000 1.509840e-17 3.108918e-18
8983.480000 1.680083e-17 3.265450e-18
8986.480000 1.885001e-17 3.590631e-18
8989.480000 1.835058e-17 3.782603e-18
8992.480000 2.810214e-18 3.446470e-18
8995.480000 2.516501e-18 3.117161e-18
8998.480000 1.698957e-17 3.502953e-18
9001.480000 1.997234e-17 4.057298e-18
9004.480000 9.637972e-18 3.922088e-18
9007.480000 8.550120e-18 3.170912e-18
9010.480000 1.330637e-17 2.569347e-18
9013.480000 1.167878e-17 2.334803e-18
9016.480000 1.016553e-17 2.235840e-18
9019.480000 9.076693e-18 2.203252e-18
9022.480000 1.258103e-17 2.202986e-18
9025.480000 1.384713e-17 2.198243e-18
9028.480000 1.109054e-17 2.188367e-18
9031.480000 1.170595e-17 2.224292e-18
9034.480000 1.326066e-17 2.345168e-18
9037.480000 1.471253e-17 2.538051e-18
9040.480000 1.467222e-17 2.616280e-18
9043.480000 1.517113e-17 2.593749e-18
9046.480000 2.116757e-17 2.750930e-18
9049.480000 2.147745e-17 2.971001e-18
9052.480000 1.217602e-17 2.873118e-18
9055.480000 8.260660e-18 2.556721e-18
9058.480000 1.075076e-17 2.371712e-18
9061.480000 1.089890e-17 2.338641e-18
9064.480000 1.368940e-17 2.429771e-18
9067.480000 1.766834e-17 2.508240e-18
9070.480000 1.665718e-17 2.510112e-18
9073.480000 1.478377e-17 2.470766e-18
9076.480000 1.288463e-17 2.457791e-18
9079.480000 1.194326e-17 2.499594e-18
9082.480000 1.302856e-17 2.618974e-18
9085.480000 1.538603e-17 2.778475e-18
9088.480000 1.641391e-17 2.933188e-18
9091.480000 1.797864e-17 3.107383e-18
9094.480000 1.201343e-17 3.185007e-18
9097.480000 1.605308e-17 3.255697e-18
