# TELESCOPE = UH88
# INSTRUMENT = SNIFS
# OBJECT = 2026twa
# CHANNEL = B+R
# EXPNUM = 26_194_033_003
# MJD-OBS = 61234.452101
# DATE-OBS = 2026-07-13T10:51:02
# EXPTIME = 1800.0s
# AIRMASS = 1.60
# FLUXCAL_RMS_B = 0.063 mag
# FLUXCAL_RMS_R = 0.071 mag
# RA = 19:27:03.49
# DEC = -31:23:24.20
# wl fl err
# [A] [erg/s/cm2/A]
3400.480000 -4.433016e-18 2.366689e-17
3403.480000 2.672366e-17 2.484752e-17
3406.480000 4.683869e-17 2.243863e-17
3409.480000 4.358643e-17 2.102619e-17
3412.480000 5.443106e-17 2.346781e-17
3415.480000 2.882513e-17 2.372705e-17
3418.480000 2.690118e-17 2.117054e-17
3421.480000 3.115871e-17 2.126251e-17
3424.480000 3.903023e-17 2.439464e-17
3427.480000 5.780638e-17 2.355559e-17
3430.480000 6.898237e-17 2.050401e-17
3433.480000 7.409175e-17 2.069199e-17
3436.480000 5.903106e-17 2.301133e-17
3439.480000 5.834276e-17 2.193613e-17
3442.480000 3.234710e-17 1.891046e-17
3445.480000 6.325935e-17 1.937439e-17
3448.480000 5.846117e-17 2.102986e-17
3451.480000 3.701095e-17 1.969614e-17
3454.480000 1.362115e-17 1.769424e-17
3457.480000 -2.374924e-20 1.850128e-17
3460.480000 5.931327e-18 1.965985e-17
3463.480000 1.080181e-17 1.837568e-17
3466.480000 3.669203e-17 1.688915e-17
3469.480000 5.698479e-17 1.820670e-17
3472.480000 4.592667e-17 1.881252e-17
3475.480000 3.743533e-17 1.720567e-17
3478.480000 2.911184e-17 1.613263e-17
3481.480000 1.721898e-17 1.797046e-17
3484.480000 2.168614e-17 1.872296e-17
3487.480000 4.885050e-17 1.716273e-17
3490.480000 4.425277e-17 1.640942e-17
3493.480000 9.909209e-18 1.799425e-17
3496.480000 2.606323e-17 1.779711e-17
3499.480000 6.019661e-19 1.528185e-17
3502.480000 3.339283e-18 1.498112e-17
3505.480000 1.535324e-17 1.673333e-17
3508.480000 2.205104e-17 1.653416e-17
3511.480000 2.862045e-17 1.470090e-17
3514.480000 2.059916e-17 1.487784e-17
3517.480000 3.658143e-17 1.629654e-17
3520.480000 1.951168e-17 1.544656e-17
3523.480000 2.297091e-17 1.372706e-17
3526.480000 3.626798e-17 1.440598e-17
3529.480000 2.134734e-17 1.539276e-17
3532.480000 1.828035e-17 1.438462e-17
3535.480000 3.687729e-17 1.319978e-17
3538.480000 1.712774e-17 1.396978e-17
3541.480000 3.417278e-18 1.480570e-17
3544.480000 -3.690218e-18 1.408048e-17
3547.480000 2.236765e-17 1.385278e-17
3550.480000 4.435005e-17 1.535463e-17
3553.480000 1.914257e-17 1.559995e-17
3556.480000 1.879845e-17 1.404839e-17
3559.480000 2.824259e-17 1.357690e-17
3562.480000 1.859631e-17 1.504883e-17
3565.480000 1.882261e-17 1.488813e-17
3568.480000 1.990580e-17 1.295152e-17
3571.480000 3.634566e-17 1.288072e-17
3574.480000 4.340529e-17 1.454788e-17
3577.480000 2.343060e-17 1.417592e-17
3580.480000 4.906359e-18 1.219258e-17
3583.480000 1.110990e-17 1.254955e-17
3586.480000 2.212755e-17 1.381932e-17
3589.480000 1.272648e-17 1.330063e-17
3592.480000 1.879367e-17 1.197504e-17
3595.480000 3.649403e-17 1.278686e-17
3598.480000 3.763474e-17 1.381774e-17
3601.480000 2.506874e-17 1.322568e-17
3604.480000 2.737406e-17 1.206680e-17
3607.480000 5.191316e-17 1.299362e-17
3610.480000 6.110180e-17 1.352485e-17
3613.480000 3.856989e-17 1.222216e-17
3616.480000 4.609707e-17 1.147768e-17
3619.480000 4.438337e-17 1.284545e-17
3622.480000 4.342497e-17 1.355120e-17
3625.480000 3.242287e-17 1.204252e-17
3628.480000 3.884273e-17 1.157542e-17
3631.480000 3.957168e-17 1.290483e-17
3634.480000 1.932366e-17 1.314462e-17
3637.480000 2.183032e-17 1.177083e-17
3640.480000 1.144767e-17 1.155705e-17
3643.480000 1.347109e-17 1.303117e-17
3646.480000 2.443418e-17 1.297203e-17
3649.480000 2.212862e-17 1.140230e-17
3652.480000 4.069643e-17 1.173071e-17
3655.480000 4.665991e-17 1.320663e-17
3658.480000 3.916876e-17 1.297479e-17
3661.480000 2.704696e-17 1.140321e-17
3664.480000 3.590804e-17 1.204538e-17
3667.480000 2.839235e-17 1.289597e-17
3670.480000 2.828830e-17 1.226509e-17
3673.480000 6.108091e-17 1.140873e-17
3676.480000 5.439348e-17 1.187274e-17
3679.480000 3.889439e-17 1.236732e-17
3682.480000 4.764152e-17 1.158274e-17
3685.480000 3.970625e-17 1.069577e-17
3688.480000 2.476031e-17 1.169929e-17
3691.480000 4.405600e-17 1.402777e-17
3694.480000 4.634414e-17 1.231254e-17
3697.480000 5.099376e-17 1.297986e-17
3700.480000 3.999056e-17 1.516171e-17
3703.480000 3.321300e-17 1.272898e-17
3706.480000 3.222226e-17 1.117707e-17
3709.480000 4.085952e-17 1.088562e-17
3712.480000 5.268501e-17 1.229318e-17
3715.480000 5.957209e-17 1.224888e-17
3718.480000 5.571074e-17 1.059444e-17
3721.480000 5.907372e-17 1.070363e-17
3724.480000 5.959799e-17 1.208915e-17
3727.480000 5.998330e-17 1.204258e-17
3730.480000 4.668409e-17 1.055288e-17
3733.480000 4.328711e-17 1.093453e-17
3736.480000 4.420147e-17 1.215555e-17
3739.480000 5.118469e-17 1.183176e-17
3742.480000 4.913645e-17 1.082602e-17
3745.480000 5.017685e-17 1.148875e-17
3748.480000 3.502859e-17 1.207273e-17
3751.480000 3.978139e-17 1.109748e-17
3754.480000 4.183745e-17 1.010490e-17
3757.480000 4.162100e-17 1.091664e-17
3760.480000 4.793766e-17 1.136712e-17
3763.480000 4.464525e-17 1.034562e-17
3766.480000 5.363323e-17 9.764925e-18
3769.480000 5.171185e-17 1.078761e-17
3772.480000 4.484582e-17 1.102679e-17
3775.480000 5.052171e-17 9.989646e-18
3778.480000 5.692820e-17 9.969029e-18
3781.480000 5.542936e-17 1.130123e-17
3784.480000 5.561938e-17 1.125560e-17
3787.480000 6.167137e-17 9.837479e-18
3790.480000 5.204099e-17 9.799537e-18
3793.480000 4.786511e-17 1.099437e-17
3796.480000 4.689794e-17 1.083524e-17
3799.480000 5.901911e-17 9.691239e-18
3802.480000 6.587117e-17 1.007623e-17
3805.480000 6.386340e-17 1.098217e-17
3808.480000 5.409457e-17 1.044872e-17
3811.480000 5.907424e-17 9.598792e-18
3814.480000 6.068106e-17 1.029470e-17
3817.480000 6.173856e-17 1.113516e-17
3820.480000 5.959996e-17 1.059585e-17
3823.480000 5.871268e-17 9.752533e-18
3826.480000 6.459952e-17 1.069644e-17
3829.480000 5.957442e-17 1.123756e-17
3832.480000 6.287673e-17 1.052480e-17
3835.480000 5.833125e-17 1.003136e-17
3838.480000 5.763324e-17 1.104106e-17
3841.480000 6.452390e-17 1.130669e-17
3844.480000 6.105818e-17 1.012208e-17
3847.480000 7.100755e-17 9.913431e-18
3850.480000 7.553379e-17 1.117905e-17
3853.480000 7.549901e-17 1.125803e-17
3856.480000 6.813013e-17 9.789928e-18
3859.480000 7.387406e-17 9.830754e-18
3862.480000 7.387636e-17 1.104907e-17
3865.480000 6.821410e-17 1.083434e-17
3868.480000 6.286833e-17 9.487581e-18
3871.480000 6.607383e-17 9.678307e-18
3874.480000 8.108252e-17 1.074109e-17
3877.480000 8.768487e-17 1.054118e-17
3880.480000 7.671667e-17 9.420635e-18
3883.480000 6.670378e-17 9.750912e-18
3886.480000 7.194697e-17 1.045765e-17
3889.480000 9.168478e-17 9.965008e-18
3892.480000 8.339813e-17 9.173723e-18
3895.480000 8.623035e-17 9.965342e-18
3898.480000 8.641706e-17 1.049545e-17
3901.480000 9.196474e-17 9.779479e-18
3904.480000 7.922993e-17 9.118074e-18
3907.480000 6.276457e-17 9.962872e-18
3910.480000 5.815281e-17 1.028786e-17
3913.480000 7.110829e-17 9.497187e-18
3916.480000 6.918468e-17 9.054251e-18
3919.480000 7.482324e-17 1.018263e-17
3922.480000 7.790595e-17 1.021059e-17
3925.480000 7.099120e-17 8.947053e-18
3928.480000 7.796246e-17 8.884078e-18
3931.480000 8.872493e-17 1.011084e-17
3934.480000 7.554847e-17 9.834961e-18
3937.480000 7.356496e-17 8.614485e-18
3940.480000 7.939895e-17 8.929668e-18
3943.480000 8.250950e-17 1.000235e-17
3946.480000 7.822836e-17 9.739871e-18
3949.480000 8.746302e-17 8.829838e-18
3952.480000 8.474203e-17 9.184327e-18
3955.480000 6.099204e-17 9.786254e-18
3958.480000 5.430328e-17 9.279536e-18
3961.480000 6.628195e-17 8.606773e-18
3964.480000 6.799477e-17 9.281740e-18
3967.480000 7.319411e-17 9.905608e-18
3970.480000 7.112165e-17 9.161784e-18
3973.480000 6.583023e-17 8.540127e-18
3976.480000 6.688100e-17 9.604143e-18
3979.480000 6.901156e-17 1.000431e-17
3982.480000 6.814302e-17 9.078353e-18
3985.480000 6.667086e-17 8.690676e-18
3988.480000 5.930492e-17 9.621554e-18
3991.480000 5.572012e-17 9.698158e-18
3994.480000 6.192415e-17 8.609944e-18
3997.480000 5.979863e-17 8.366136e-18
4000.480000 5.757225e-17 9.514026e-18
4003.480000 5.026023e-17 9.446113e-18
4006.480000 5.205920e-17 8.280549e-18
4009.480000 5.540911e-17 8.429935e-18
4012.480000 4.417584e-17 9.350585e-18
4015.480000 4.997670e-17 9.229991e-18
4018.480000 5.382262e-17 8.244365e-18
4021.480000 4.489275e-17 8.482348e-18
4024.480000 4.751963e-17 9.235798e-18
4027.480000 5.833662e-17 8.958558e-18
4030.480000 6.212816e-17 8.239175e-18
4033.480000 6.092004e-17 8.796010e-18
4036.480000 5.054610e-17 9.265403e-18
4039.480000 3.709285e-17 8.580716e-18
4042.480000 5.013148e-17 8.235810e-18
4045.480000 5.732396e-17 9.178605e-18
4048.480000 6.103767e-17 9.623081e-18
4051.480000 5.402358e-17 8.738092e-18
4054.480000 4.157883e-17 8.231231e-18
4057.480000 4.324173e-17 9.222455e-18
4060.480000 6.081501e-17 9.460818e-18
4063.480000 5.213919e-17 8.479951e-18
4066.480000 3.859806e-17 8.280121e-18
4069.480000 3.257899e-17 9.429472e-18
4072.480000 3.429601e-17 9.472898e-18
4075.480000 3.396979e-17 8.213769e-18
4078.480000 3.448101e-17 8.402783e-18
4081.480000 3.768982e-17 9.515411e-18
4084.480000 3.589554e-17 9.424779e-18
4087.480000 3.675797e-17 8.565114e-18
4090.480000 4.482185e-17 9.118070e-18
4093.480000 6.531930e-17 1.031313e-17
4096.480000 5.669395e-17 9.753976e-18
4099.480000 4.213025e-17 8.568765e-18
4102.480000 3.887975e-17 8.927324e-18
4105.480000 4.038477e-17 9.327555e-18
4108.480000 4.881139e-17 8.730338e-18
4111.480000 4.536524e-17 7.927224e-18
4114.480000 5.009442e-17 8.517415e-18
4117.480000 4.067779e-17 8.713832e-18
4120.480000 2.161071e-17 7.807466e-18
4123.480000 2.734028e-17 7.373644e-18
4126.480000 3.415281e-17 8.300223e-18
4129.480000 3.331260e-17 8.522372e-18
4132.480000 2.961737e-17 7.584259e-18
4135.480000 3.297999e-17 7.439109e-18
4138.480000 3.105384e-17 8.378000e-18
4141.480000 4.419430e-17 8.555271e-18
4144.480000 3.545354e-17 7.390253e-18
4147.480000 4.240266e-17 7.486843e-18
4150.480000 4.677144e-17 8.469511e-18
4153.480000 3.604927e-17 8.225238e-18
4156.480000 3.927047e-17 7.345787e-18
4159.480000 4.686142e-17 7.733008e-18
4162.480000 3.199530e-17 8.390747e-18
4165.480000 2.776197e-17 8.136904e-18
4168.480000 2.824991e-17 7.427882e-18
4171.480000 3.376472e-17 7.973634e-18
4174.480000 2.591140e-17 8.587992e-18
4177.480000 2.751596e-17 8.076628e-18
4180.480000 3.488743e-17 7.545856e-18
4183.480000 5.012706e-17 8.388710e-18
4186.480000 5.072563e-17 8.831954e-18
4189.480000 5.740160e-17 8.242759e-18
4192.480000 6.343151e-17 7.960027e-18
4195.480000 6.819379e-17 8.915717e-18
4198.480000 6.671111e-17 9.243750e-18
4201.480000 8.021735e-17 8.453293e-18
4204.480000 8.777364e-17 8.298568e-18
4207.480000 7.220179e-17 9.170826e-18
4210.480000 7.875671e-17 9.240696e-18
4213.480000 7.649387e-17 8.137491e-18
4216.480000 7.085003e-17 7.956344e-18
4219.480000 7.490477e-17 8.943755e-18
4222.480000 7.273224e-17 8.740782e-18
4225.480000 7.506819e-17 7.681421e-18
4228.480000 8.742551e-17 7.933631e-18
4231.480000 9.190791e-17 8.747701e-18
4234.480000 9.899583e-17 8.588208e-18
4237.480000 8.730507e-17 7.572806e-18
4240.480000 9.213523e-17 8.042543e-18
4243.480000 8.494711e-17 8.487490e-18
4246.480000 7.939472e-17 8.029971e-18
4249.480000 7.662526e-17 7.409852e-18
4252.480000 7.216614e-17 7.970624e-18
4255.480000 8.680108e-17 8.615766e-18
4258.480000 8.954959e-17 7.978780e-18
4261.480000 8.295150e-17 7.441861e-18
4264.480000 7.381717e-17 8.128882e-18
4267.480000 7.883128e-17 8.418777e-18
4270.480000 9.051495e-17 7.744138e-18
4273.480000 1.057463e-16 7.644659e-18
4276.480000 1.036563e-16 8.530253e-18
4279.480000 8.084616e-17 8.459738e-18
4282.480000 7.809312e-17 7.484534e-18
4285.480000 8.990513e-17 7.539766e-18
4288.480000 8.283075e-17 8.408317e-18
4291.480000 8.667848e-17 8.351756e-18
4294.480000 8.341025e-17 7.398870e-18
4297.480000 7.914441e-17 7.481104e-18
4300.480000 9.100489e-17 8.424429e-18
4303.480000 8.551275e-17 8.129844e-18
4306.480000 8.566418e-17 7.264376e-18
4309.480000 8.948756e-17 7.635553e-18
4312.480000 1.030963e-16 8.829692e-18
4315.480000 9.802921e-17 8.743843e-18
4318.480000 9.223032e-17 7.433922e-18
4321.480000 9.122399e-17 7.899541e-18
4324.480000 9.511555e-17 8.342143e-18
4327.480000 9.083692e-17 7.769341e-18
4330.480000 7.878508e-17 7.189015e-18
4333.480000 9.316379e-17 8.124705e-18
4336.480000 8.723756e-17 8.330540e-18
4339.480000 7.664314e-17 7.455470e-18
4342.480000 7.610139e-17 7.158902e-18
4345.480000 8.403963e-17 8.131793e-18
4348.480000 7.688146e-17 8.182366e-18
4351.480000 6.939943e-17 7.221019e-18
4354.480000 7.384098e-17 7.229727e-18
4357.480000 7.836994e-17 1.054911e-17
4360.480000 8.055031e-17 1.142942e-17
4363.480000 6.834458e-17 7.434159e-18
4366.480000 6.509845e-17 7.234135e-18
4369.480000 7.139953e-17 8.089576e-18
4372.480000 8.671865e-17 8.040716e-18
4375.480000 8.747127e-17 7.180061e-18
4378.480000 7.955750e-17 7.458807e-18
4381.480000 7.122263e-17 8.023639e-18
4384.480000 8.595433e-17 7.822502e-18
4387.480000 8.072980e-17 7.090837e-18
4390.480000 7.832940e-17 7.596433e-18
4393.480000 8.413793e-17 8.176776e-18
4396.480000 7.104611e-17 7.523633e-18
4399.480000 7.284676e-17 7.055294e-18
4402.480000 8.048512e-17 7.857370e-18
4405.480000 8.693621e-17 8.300863e-18
4408.480000 8.892590e-17 7.667605e-18
4411.480000 8.457216e-17 7.285141e-18
4414.480000 7.166473e-17 8.071324e-18
4417.480000 8.608875e-17 8.406526e-18
4420.480000 8.175317e-17 7.488724e-18
4423.480000 8.467582e-17 7.359772e-18
4426.480000 9.787069e-17 8.563045e-18
4429.480000 8.775213e-17 8.498329e-18
4432.480000 8.267254e-17 7.325844e-18
4435.480000 8.804225e-17 7.465814e-18
4438.480000 1.017275e-16 8.503433e-18
4441.480000 9.723108e-17 8.277009e-18
4444.480000 8.503290e-17 7.195401e-18
4447.480000 8.775871e-17 7.432139e-18
4450.480000 9.238136e-17 8.241844e-18
4453.480000 9.380899e-17 7.961769e-18
4456.480000 9.044347e-17 7.143542e-18
4459.480000 8.270189e-17 7.505694e-18
4462.480000 8.683895e-17 8.055668e-18
4465.480000 9.167409e-17 7.622253e-18
4468.480000 9.482772e-17 7.178094e-18
4471.480000 1.028235e-16 7.836934e-18
4474.480000 9.524578e-17 8.131756e-18
4477.480000 9.366388e-17 7.494179e-18
4480.480000 9.533218e-17 7.180844e-18
4483.480000 9.578108e-17 7.930639e-18
4486.480000 9.759857e-17 8.179464e-18
4489.480000 9.053557e-17 7.369461e-18
4492.480000 8.229170e-17 7.112052e-18
4495.480000 7.676539e-17 7.987415e-18
4498.480000 7.923783e-17 8.107740e-18
4501.480000 8.149225e-17 7.144175e-18
4504.480000 8.373616e-17 7.206131e-18
4507.480000 8.292480e-17 8.063228e-18
4510.480000 8.478554e-17 7.993944e-18
4513.480000 8.044024e-17 7.039232e-18
4516.480000 8.270636e-17 7.285145e-18
4519.480000 8.753687e-17 8.063796e-18
4522.480000 8.086240e-17 7.745931e-18
4525.480000 8.642227e-17 7.070498e-18
4528.480000 8.998362e-17 7.699014e-18
4531.480000 9.201881e-17 8.253579e-18
4534.480000 9.007649e-17 7.749038e-18
4537.480000 8.660491e-17 7.060100e-18
4540.480000 1.058664e-16 7.862870e-18
4543.480000 9.308335e-17 8.246476e-18
4546.480000 9.784216e-17 7.708208e-18
4549.480000 8.311050e-17 7.112350e-18
4552.480000 7.041160e-17 7.696588e-18
4555.480000 7.360540e-17 7.964554e-18
4558.480000 8.074799e-17 7.249259e-18
4561.480000 8.325660e-17 7.051449e-18
4564.480000 8.715842e-17 8.001370e-18
4567.480000 8.275419e-17 7.989452e-18
4570.480000 7.852690e-17 7.056189e-18
4573.480000 8.600275e-17 7.098937e-18
4576.480000 7.061407e-17 7.804022e-18
4579.480000 7.225901e-17 7.787323e-18
4582.480000 6.802744e-17 6.846717e-18
4585.480000 6.239032e-17 7.006720e-18
4588.480000 6.528082e-17 7.781615e-18
4591.480000 6.816538e-17 7.573477e-18
4594.480000 6.095804e-17 6.760082e-18
4597.480000 5.770429e-17 7.030029e-18
4600.480000 5.907677e-17 7.546109e-18
4603.480000 6.537532e-17 7.213037e-18
4606.480000 6.489130e-17 6.654548e-18
4609.480000 5.498565e-17 7.075361e-18
4612.480000 5.816939e-17 7.547458e-18
4615.480000 6.432822e-17 7.058354e-18
4618.480000 6.419619e-17 6.683322e-18
4621.480000 6.596613e-17 7.410774e-18
4624.480000 7.333371e-17 7.699825e-18
4627.480000 5.943476e-17 6.856325e-18
4630.480000 5.368122e-17 6.571591e-18
4633.480000 6.314263e-17 7.498339e-18
4636.480000 5.463603e-17 7.525809e-18
4639.480000 5.483812e-17 6.690459e-18
4642.480000 4.960418e-17 6.544836e-18
4645.480000 5.079583e-17 7.487982e-18
4648.480000 5.033347e-17 7.449340e-18
4651.480000 5.772046e-17 6.614036e-18
4654.480000 4.672897e-17 6.636151e-18
4657.480000 4.762823e-17 7.411755e-18
4660.480000 4.450166e-17 7.172010e-18
4663.480000 4.872704e-17 6.513362e-18
4666.480000 4.575027e-17 6.807344e-18
4669.480000 4.792533e-17 7.352473e-18
4672.480000 5.410533e-17 7.082960e-18
4675.480000 5.299081e-17 6.486552e-18
4678.480000 5.557167e-17 6.998856e-18
4681.480000 4.734533e-17 7.317768e-18
4684.480000 5.141388e-17 6.837254e-18
4687.480000 5.596141e-17 6.475564e-18
4690.480000 5.645028e-17 7.124296e-18
4693.480000 4.907328e-17 7.365620e-18
4696.480000 4.663198e-17 6.681026e-18
4699.480000 5.697514e-17 6.476649e-18
4702.480000 5.878979e-17 7.224975e-18
4705.480000 4.932230e-17 7.300351e-18
4708.480000 4.573183e-17 6.522280e-18
4711.480000 5.413020e-17 6.556753e-18
4714.480000 5.867614e-17 7.533336e-18
4717.480000 6.196960e-17 7.551813e-18
4720.480000 5.250023e-17 6.549627e-18
4723.480000 4.198823e-17 6.518640e-18
4726.480000 4.733032e-17 7.276957e-18
4729.480000 5.404201e-17 7.232651e-18
4732.480000 5.919185e-17 6.565769e-18
4735.480000 5.299429e-17 6.738181e-18
4738.480000 4.080642e-17 7.184778e-18
4741.480000 5.137961e-17 6.966763e-18
4744.480000 5.663354e-17 6.413172e-18
4747.480000 5.871944e-17 6.882300e-18
4750.480000 5.576679e-17 7.326162e-18
4753.480000 5.513145e-17 6.850835e-18
4756.480000 5.770532e-17 6.474631e-18
4759.480000 5.932399e-17 7.098340e-18
4762.480000 6.572378e-17 7.430745e-18
4765.480000 6.628570e-17 6.823037e-18
4768.480000 6.979917e-17 6.595193e-18
4771.480000 6.862441e-17 7.340414e-18
4774.480000 6.866263e-17 7.505441e-18
4777.480000 6.463195e-17 6.723005e-18
4780.480000 5.513008e-17 6.537097e-18
4783.480000 5.904081e-17 7.478915e-18
4786.480000 6.549127e-17 7.588889e-18
4789.480000 6.172048e-17 6.607592e-18
4792.480000 6.548824e-17 6.703463e-18
4795.480000 5.561447e-17 7.423288e-18
4798.480000 4.431580e-17 7.285958e-18
4801.480000 4.998318e-17 6.523149e-18
4804.480000 5.915915e-17 6.889183e-18
4807.480000 5.746633e-17 7.483671e-18
4810.480000 6.289784e-17 7.255842e-18
4813.480000 5.775129e-17 6.532011e-18
4816.480000 4.740444e-17 6.848198e-18
4819.480000 5.973076e-17 7.514073e-18
4822.480000 5.159962e-17 7.123197e-18
4825.480000 4.922828e-17 6.606021e-18
4828.480000 6.171052e-17 7.345351e-18
4831.480000 7.000145e-17 7.774606e-18
4834.480000 5.449330e-17 7.011662e-18
4837.480000 5.032358e-17 6.625338e-18
4840.480000 5.432118e-17 7.470016e-18
4843.480000 5.517175e-17 7.770436e-18
4846.480000 6.423099e-17 7.005481e-18
4849.480000 5.970081e-17 6.807384e-18
4852.480000 6.116918e-17 7.765194e-18
4855.480000 6.369649e-17 7.838766e-18
4858.480000 5.482138e-17 6.789430e-18
4861.480000 6.081768e-17 6.878915e-18
4864.480000 6.278598e-17 7.718449e-18
4867.480000 7.319950e-17 7.809518e-18
4870.480000 6.982115e-17 6.929187e-18
4873.480000 6.424651e-17 7.140870e-18
4876.480000 6.957687e-17 7.876478e-18
4879.480000 7.369378e-17 7.725087e-18
4882.480000 6.626050e-17 6.910864e-18
4885.480000 7.058023e-17 7.422690e-18
4888.480000 7.740825e-17 8.115719e-18
4891.480000 7.378545e-17 7.636576e-18
4894.480000 7.742736e-17 7.119379e-18
4897.480000 8.143099e-17 7.794588e-18
4900.480000 6.734687e-17 8.042339e-18
4903.480000 6.904456e-17 7.492898e-18
4906.480000 7.294359e-17 7.154311e-18
4909.480000 7.329328e-17 7.961741e-18
4912.480000 7.710582e-17 8.316432e-18
4915.480000 7.370982e-17 7.513461e-18
4918.480000 7.456899e-17 7.325546e-18
4921.480000 8.000866e-17 8.358412e-18
4924.480000 7.423923e-17 8.397714e-18
4927.480000 5.928075e-17 7.311208e-18
4930.480000 5.777838e-17 7.363503e-18
4933.480000 6.436156e-17 8.431138e-18
4936.480000 7.205023e-17 8.421481e-18
4939.480000 7.924443e-17 7.569379e-18
4942.480000 7.530335e-17 7.768555e-18
4945.480000 8.631799e-17 8.805433e-18
4948.480000 7.742734e-17 8.478624e-18
4951.480000 7.766338e-17 7.703205e-18
4954.480000 7.334562e-17 8.106582e-18
4957.480000 6.223248e-17 8.657988e-18
4960.480000 5.157522e-17 8.015952e-18
4963.480000 6.444925e-17 7.621449e-18
4966.480000 5.652045e-17 8.160632e-18
4969.480000 5.080118e-17 8.684565e-18
4972.480000 5.873229e-17 8.230477e-18
4975.480000 4.974275e-17 7.700510e-18
4978.480000 5.651644e-17 8.629285e-18
4981.480000 6.531206e-17 9.064051e-18
4984.480000 6.319758e-17 8.337669e-18
4987.480000 5.080769e-17 7.910544e-18
4990.480000 5.175971e-17 8.972581e-18
4993.480000 6.085771e-17 9.366036e-18
4996.480000 5.828985e-17 8.342382e-18
4999.480000 6.249488e-17 8.464203e-18
5002.480000 6.357771e-17 9.674715e-18
5005.480000 5.838168e-17 9.657242e-18
5008.480000 5.825231e-17 8.561163e-18
5011.480000 6.927464e-17 8.912634e-18
5014.480000 6.378849e-17 9.921867e-18
5017.480000 5.430519e-17 9.659209e-18
5020.480000 5.768208e-17 8.806155e-18
5023.480000 5.635569e-17 9.364985e-18
5026.480000 4.720948e-17 1.020995e-17
5029.480000 4.932328e-17 9.869655e-18
5032.480000 6.928632e-17 9.384943e-18
5035.480000 5.690325e-17 1.000577e-17
5038.480000 5.061273e-17 1.081040e-17
5041.480000 4.238393e-17 1.023484e-17
5044.480000 4.091010e-17 9.742982e-18
5047.480000 4.096988e-17 1.088133e-17
5050.480000 4.341531e-17 1.156099e-17
5053.480000 5.582551e-17 1.085790e-17
5056.480000 5.953978e-17 1.047171e-17
5059.480000 3.345687e-17 1.146272e-17
5062.480000 3.299265e-17 1.186365e-17
5065.480000 4.866255e-17 1.079219e-17
5068.480000 6.284691e-17 1.100476e-17
5071.480000 6.218222e-17 nan
5074.480000 7.225179e-17 nan
5077.480000 6.392430e-17 nan
5080.480000 6.520593e-17 nan
5083.480000 6.543284e-17 nan
5086.480000 5.796461e-17 nan
5089.480000 7.607272e-17 nan
5092.480000 8.823168e-17 nan
5095.480000 8.759066e-17 nan
5098.480000 7.236023e-17 nan
5101.480000 5.846822e-17 nan
5104.480000 6.718924e-17 nan
5107.480000 6.919816e-17 nan
5110.480000 6.443954e-17 nan
5113.480000 6.550317e-17 nan
5116.480000 8.147716e-17 nan
5119.480000 7.791806e-17 nan
5122.480000 1.184408e-16 nan
5125.480000 1.015996e-16 nan
5128.480000 7.722181e-17 nan
5131.480000 9.618488e-17 nan
5134.480000 7.906047e-17 nan
5137.480000 5.234016e-17 nan
5140.480000 7.316029e-17 nan
5143.480000 6.698234e-17 nan
5146.480000 5.857898e-17 nan
5149.480000 8.046060e-17 nan
5152.480000 1.116670e-16 nan
5155.480000 9.658160e-17 nan
5158.480000 8.203783e-17 nan
5161.480000 9.563486e-17 nan
5164.480000 8.410113e-17 nan
5167.480000 9.713193e-17 nan
5170.480000 1.171411e-16 1.799616e-17
5173.480000 1.069331e-16 1.743164e-17
5176.480000 9.406911e-17 1.682609e-17
5179.480000 7.056767e-17 1.624210e-17
5182.480000 6.173370e-17 1.587189e-17
5185.480000 7.418846e-17 1.568645e-17
5188.480000 8.730148e-17 1.516503e-17
5191.480000 9.022823e-17 1.513214e-17
5194.480000 8.009793e-17 1.542692e-17
5197.480000 8.126187e-17 1.545603e-17
5200.480000 6.351501e-17 1.494660e-17
5203.480000 5.294951e-17 1.531056e-17
5206.480000 8.127644e-17 1.564780e-17
5209.480000 7.916085e-17 1.586325e-17
5212.480000 8.231739e-17 1.608957e-17
5215.480000 8.106017e-17 1.578382e-17
5218.480000 6.282423e-17 1.504192e-17
5221.480000 8.320606e-17 1.455448e-17
5224.480000 6.874992e-17 1.440456e-17
5227.480000 5.729279e-17 1.384615e-17
5230.480000 7.185208e-17 1.346616e-17
5233.480000 7.217369e-17 1.371027e-17
5236.480000 5.478003e-17 1.325924e-17
5239.480000 6.155328e-17 1.261349e-17
5242.480000 7.003429e-17 1.241211e-17
5245.480000 6.152218e-17 1.243431e-17
5248.480000 6.315800e-17 1.208396e-17
5251.480000 5.961153e-17 1.179905e-17
5254.480000 5.366273e-17 1.122818e-17
5257.480000 3.966889e-17 1.073797e-17
5260.480000 2.955433e-17 1.032100e-17
5263.480000 4.656906e-17 1.007552e-17
5266.480000 5.382221e-17 1.007053e-17
5269.480000 5.546061e-17 9.900164e-18
5272.480000 5.869899e-17 9.823520e-18
5275.480000 4.996502e-17 9.639946e-18
5278.480000 5.111360e-17 9.575877e-18
5281.480000 5.073150e-17 9.459014e-18
5284.480000 4.723694e-17 9.434854e-18
5287.480000 5.901125e-17 9.537583e-18
5290.480000 5.359561e-17 9.419441e-18
5293.480000 5.330772e-17 9.510758e-18
5296.480000 6.809351e-17 9.685320e-18
5299.480000 5.713004e-17 9.541834e-18
5302.480000 4.913426e-17 9.505309e-18
5305.480000 4.535684e-17 9.498801e-18
5308.480000 5.215039e-17 9.624264e-18
5311.480000 5.848744e-17 9.817662e-18
5314.480000 5.833359e-17 9.943991e-18
5317.480000 4.751026e-17 9.879588e-18
5320.480000 4.865720e-17 9.946364e-18
5323.480000 5.799644e-17 1.027164e-17
5326.480000 4.109055e-17 1.014540e-17
5329.480000 4.013947e-17 1.021514e-17
5332.480000 6.167754e-17 1.061508e-17
5335.480000 5.264606e-17 1.069234e-17
5338.480000 5.230530e-17 1.067984e-17
5341.480000 5.190055e-17 1.039919e-17
5344.480000 5.196985e-17 1.009415e-17
5347.480000 6.009711e-17 9.861999e-18
5350.480000 4.227305e-17 9.502224e-18
5353.480000 3.460114e-17 9.041919e-18
5356.480000 4.283070e-17 8.779457e-18
5359.480000 4.068926e-17 8.526378e-18
5362.480000 4.147034e-17 8.468788e-18
5365.480000 3.373106e-17 8.906930e-18
5368.480000 3.640637e-17 8.208697e-18
5371.480000 4.687799e-17 7.832809e-18
5374.480000 5.130763e-17 7.637749e-18
5377.480000 5.443395e-17 7.400279e-18
5380.480000 4.760806e-17 7.123737e-18
5383.480000 4.599567e-17 6.977880e-18
5386.480000 4.027537e-17 6.875510e-18
5389.480000 4.590488e-17 6.849001e-18
5392.480000 5.485589e-17 6.819797e-18
5395.480000 5.455558e-17 6.790643e-18
5398.480000 5.305297e-17 6.718377e-18
5401.480000 5.084519e-17 6.662399e-18
5404.480000 4.615451e-17 6.499073e-18
5407.480000 4.512157e-17 6.366588e-18
5410.480000 4.990402e-17 6.469357e-18
5413.480000 5.339988e-17 6.517409e-18
5416.480000 4.833616e-17 6.432744e-18
5419.480000 4.639309e-17 6.478242e-18
5422.480000 4.813051e-17 6.581887e-18
5425.480000 4.974212e-17 6.674272e-18
5428.480000 4.394533e-17 6.595279e-18
5431.480000 4.765110e-17 6.735156e-18
5434.480000 5.541930e-17 6.927290e-18
5437.480000 5.513367e-17 6.962507e-18
5440.480000 5.691513e-17 7.091647e-18
5443.480000 5.011625e-17 7.090775e-18
5446.480000 4.236313e-17 7.121747e-18
5449.480000 4.381480e-17 7.324416e-18
5452.480000 5.282135e-17 7.755870e-18
5455.480000 5.701446e-17 7.902755e-18
5458.480000 6.126678e-17 8.061254e-18
5461.480000 5.935025e-17 8.198015e-18
5464.480000 5.861416e-17 8.108654e-18
5467.480000 4.882696e-17 7.801638e-18
5470.480000 5.809150e-17 7.631938e-18
5473.480000 5.855284e-17 7.410606e-18
5476.480000 5.494739e-17 7.145735e-18
5479.480000 6.194376e-17 6.989895e-18
5482.480000 6.287259e-17 6.798855e-18
5485.480000 6.223797e-17 6.663410e-18
5488.480000 5.878837e-17 6.491193e-18
5491.480000 6.078515e-17 6.381705e-18
5494.480000 5.698193e-17 6.218942e-18
5497.480000 5.392224e-17 6.017037e-18
5500.480000 4.799222e-17 5.850415e-18
5503.480000 5.415672e-17 5.849133e-18
5506.480000 6.037507e-17 5.775794e-18
5509.480000 5.318641e-17 5.621851e-18
5512.480000 5.345699e-17 5.553336e-18
5515.480000 5.632905e-17 5.521135e-18
5518.480000 5.634119e-17 5.478487e-18
5521.480000 5.326459e-17 5.421774e-18
5524.480000 5.429686e-17 5.419107e-18
5527.480000 5.655359e-17 5.410113e-18
5530.480000 5.325501e-17 5.350554e-18
5533.480000 5.217778e-17 5.349434e-18
5536.480000 5.231835e-17 5.403879e-18
5539.480000 5.508702e-17 5.536007e-18
5542.480000 5.958278e-17 5.659123e-18
5545.480000 6.281062e-17 5.766945e-18
5548.480000 6.153440e-17 5.763100e-18
5551.480000 5.986607e-17 5.803881e-18
5554.480000 6.347248e-17 5.902117e-18
5557.480000 7.365204e-17 6.065013e-18
5560.480000 6.430209e-17 6.093050e-18
5563.480000 5.284354e-17 6.252922e-18
5566.480000 4.911843e-17 6.836411e-18
5569.480000 3.001565e-17 8.292456e-18
5572.480000 4.276628e-17 1.201677e-17
5575.480000 1.044012e-16 1.669552e-17
5578.480000 1.195017e-16 1.882675e-17
5581.480000 7.821312e-17 1.675776e-17
5584.480000 6.497721e-17 1.234776e-17
5587.480000 6.667405e-17 9.068514e-18
5590.480000 7.102639e-17 7.745478e-18
5593.480000 6.163432e-17 7.033164e-18
5596.480000 5.456987e-17 6.660059e-18
5599.480000 6.102553e-17 6.536990e-18
5602.480000 6.119696e-17 6.397050e-18
5605.480000 5.066460e-17 6.155096e-18
5608.480000 5.444163e-17 6.011080e-18
5611.480000 5.337988e-17 5.777693e-18
5614.480000 5.744563e-17 5.710518e-18
5617.480000 5.671337e-17 5.603382e-18
5620.480000 5.796284e-17 5.515908e-18
5623.480000 5.699058e-17 5.374960e-18
5626.480000 5.543448e-17 5.273335e-18
5629.480000 6.201110e-17 5.152890e-18
5632.480000 6.751184e-17 5.056444e-18
5635.480000 6.176691e-17 4.943940e-18
5638.480000 5.996744e-17 4.854844e-18
5641.480000 6.151679e-17 4.841076e-18
5644.480000 5.961476e-17 4.782805e-18
5647.480000 5.750479e-17 4.725905e-18
5650.480000 5.296069e-17 4.662613e-18
5653.480000 5.114593e-17 4.631266e-18
5656.480000 5.371915e-17 4.624235e-18
5659.480000 5.924393e-17 4.671444e-18
5662.480000 5.884741e-17 4.700045e-18
5665.480000 6.261332e-17 4.752010e-18
5668.480000 6.011117e-17 4.720474e-18
5671.480000 5.425139e-17 4.727328e-18
5674.480000 6.148131e-17 4.878479e-18
5677.480000 6.103316e-17 4.923920e-18
5680.480000 5.896060e-17 4.955870e-18
5683.480000 6.038556e-17 5.034763e-18
5686.480000 5.862719e-17 5.095436e-18
5689.480000 6.036075e-17 5.200532e-18
5692.480000 5.995680e-17 5.251104e-18
5695.480000 5.778974e-17 5.352291e-18
5698.480000 5.544515e-17 5.438820e-18
5701.480000 5.066593e-17 5.467630e-18
5704.480000 4.184960e-17 5.458835e-18
5707.480000 4.630847e-17 5.613012e-18
5710.480000 3.755859e-17 5.632270e-18
5713.480000 4.415912e-17 5.812370e-18
5716.480000 4.924998e-17 5.839512e-18
5719.480000 4.080632e-17 5.552539e-18
5722.480000 4.024679e-17 5.400517e-18
5725.480000 4.215641e-17 5.282358e-18
5728.480000 3.463579e-17 5.036624e-18
5731.480000 3.770953e-17 4.925761e-18
5734.480000 3.371971e-17 4.748648e-18
5737.480000 3.466870e-17 4.664301e-18
5740.480000 3.638498e-17 4.581275e-18
5743.480000 4.150066e-17 4.527096e-18
5746.480000 4.163828e-17 4.393869e-18
5749.480000 4.051295e-17 4.298889e-18
5752.480000 4.103443e-17 4.241282e-18
5755.480000 3.738211e-17 4.131317e-18
5758.480000 3.508884e-17 4.050070e-18
5761.480000 3.641309e-17 4.021811e-18
5764.480000 3.832971e-17 3.955729e-18
5767.480000 4.199823e-17 3.951526e-18
5770.480000 4.148079e-17 3.930398e-18
5773.480000 3.922094e-17 3.884527e-18
5776.480000 3.606557e-17 3.819000e-18
5779.480000 3.315378e-17 3.795612e-18
5782.480000 3.498342e-17 3.802776e-18
5785.480000 4.181361e-17 3.867849e-18
5788.480000 4.098342e-17 3.887627e-18
5791.480000 4.010587e-17 3.914059e-18
5794.480000 3.777308e-17 3.920902e-18
5797.480000 3.955893e-17 4.011275e-18
5800.480000 4.452582e-17 4.087117e-18
5803.480000 4.657962e-17 4.160676e-18
5806.480000 4.131712e-17 4.159526e-18
5809.480000 3.699349e-17 4.192294e-18
5812.480000 3.776444e-17 4.252373e-18
5815.480000 4.524278e-17 4.444220e-18
5818.480000 4.632543e-17 4.528041e-18
5821.480000 4.240621e-17 4.567362e-18
5824.480000 4.741631e-17 4.735525e-18
5827.480000 4.903009e-17 4.849756e-18
5830.480000 4.670751e-17 4.952245e-18
5833.480000 4.866206e-17 5.094452e-18
5836.480000 4.533350e-17 5.170883e-18
5839.480000 4.347719e-17 5.217764e-18
5842.480000 4.148030e-17 5.117641e-18
5845.480000 4.686705e-17 5.109751e-18
5848.480000 4.593126e-17 4.985043e-18
5851.480000 4.485223e-17 4.774526e-18
5854.480000 5.222933e-17 4.747908e-18
5857.480000 5.335789e-17 4.644373e-18
5860.480000 4.508018e-17 4.489402e-18
5863.480000 4.799323e-17 4.487287e-18
5866.480000 5.241729e-17 4.600489e-18
5869.480000 4.560993e-17 4.482253e-18
5872.480000 4.796575e-17 4.339465e-18
5875.480000 4.447848e-17 4.137812e-18
5878.480000 4.315706e-17 4.018595e-18
5881.480000 4.387800e-17 3.988512e-18
5884.480000 4.846864e-17 4.173190e-18
5887.480000 4.558596e-17 4.424424e-18
5890.480000 4.118746e-17 4.602697e-18
5893.480000 4.627275e-17 4.619099e-18
5896.480000 4.605499e-17 4.386823e-18
5899.480000 4.241263e-17 4.091191e-18
5902.480000 4.075565e-17 3.865943e-18
5905.480000 3.854742e-17 3.726037e-18
5908.480000 3.550357e-17 3.675186e-18
5911.480000 3.676873e-17 3.728116e-18
5914.480000 4.061312e-17 3.830778e-18
5917.480000 3.854893e-17 3.819071e-18
5920.480000 3.904789e-17 3.801896e-18
5923.480000 4.027018e-17 3.825972e-18
5926.480000 3.818426e-17 3.875261e-18
5929.480000 3.571673e-17 3.968048e-18
5932.480000 3.274630e-17 4.053328e-18
5935.480000 2.614075e-17 4.013153e-18
5938.480000 2.440646e-17 3.988847e-18
5941.480000 3.151432e-17 4.140400e-18
5944.480000 3.161678e-17 4.245726e-18
5947.480000 2.913562e-17 4.408522e-18
5950.480000 3.909019e-17 4.629612e-18
5953.480000 3.892328e-17 4.773999e-18
5956.480000 3.979721e-17 4.858114e-18
5959.480000 4.875488e-17 4.911726e-18
5962.480000 3.937562e-17 4.830755e-18
5965.480000 3.929937e-17 4.856928e-18
5968.480000 4.280750e-17 4.836283e-18
5971.480000 3.654051e-17 4.686218e-18
5974.480000 3.694462e-17 4.603948e-18
5977.480000 4.587473e-17 4.575095e-18
5980.480000 4.824782e-17 4.455815e-18
5983.480000 4.808131e-17 4.294153e-18
5986.480000 5.232100e-17 4.284402e-18
5989.480000 5.158390e-17 4.171010e-18
5992.480000 4.871259e-17 4.085510e-18
5995.480000 4.600806e-17 3.927081e-18
5998.480000 4.173215e-17 3.785779e-18
6001.480000 4.611966e-17 3.787471e-18
6004.480000 4.697263e-17 3.696058e-18
6007.480000 4.175947e-17 3.566762e-18
6010.480000 4.552751e-17 3.527799e-18
6013.480000 4.507064e-17 3.473029e-18
6016.480000 4.183424e-17 3.377112e-18
6019.480000 4.477843e-17 3.385436e-18
6022.480000 4.965287e-17 3.406990e-18
6025.480000 5.189979e-17 3.411281e-18
6028.480000 5.122353e-17 3.408281e-18
6031.480000 5.285370e-17 3.428237e-18
6034.480000 5.601888e-17 3.465965e-18
6037.480000 5.477459e-17 3.444185e-18
6040.480000 5.046202e-17 3.412203e-18
6043.480000 4.696645e-17 3.405260e-18
6046.480000 4.578143e-17 3.437646e-18
6049.480000 4.616614e-17 3.471059e-18
6052.480000 4.766828e-17 3.549193e-18
6055.480000 4.879797e-17 3.617021e-18
6058.480000 4.846782e-17 3.668835e-18
6061.480000 4.715807e-17 3.732126e-18
6064.480000 4.647152e-17 3.801152e-18
6067.480000 4.863270e-17 3.896312e-18
6070.480000 5.295029e-17 4.008771e-18
6073.480000 5.230470e-17 4.069007e-18
6076.480000 5.223877e-17 4.123359e-18
6079.480000 4.898572e-17 4.185559e-18
6082.480000 4.625615e-17 4.192687e-18
6085.480000 4.408135e-17 4.262691e-18
6088.480000 4.327612e-17 4.384041e-18
6091.480000 4.825701e-17 4.464207e-18
6094.480000 4.520031e-17 4.336113e-18
6097.480000 5.200227e-17 4.342248e-18
6100.480000 5.020593e-17 4.242904e-18
6103.480000 4.696942e-17 4.089309e-18
6106.480000 5.092711e-17 4.030185e-18
6109.480000 5.122428e-17 3.954761e-18
6112.480000 4.579853e-17 3.823729e-18
6115.480000 4.613855e-17 3.705052e-18
6118.480000 5.055145e-17 3.644492e-18
6121.480000 5.011458e-17 3.573700e-18
6124.480000 5.153518e-17 3.533097e-18
6127.480000 4.535614e-17 3.411980e-18
6130.480000 4.325028e-17 3.341181e-18
6133.480000 4.023225e-17 3.273962e-18
6136.480000 4.097844e-17 3.289018e-18
6139.480000 4.781161e-17 3.337209e-18
6142.480000 5.161012e-17 3.352128e-18
6145.480000 4.704454e-17 3.286007e-18
6148.480000 4.584814e-17 3.227864e-18
6151.480000 4.672445e-17 3.189433e-18
6154.480000 4.876492e-17 3.177278e-18
6157.480000 4.572884e-17 3.135859e-18
6160.480000 4.379204e-17 3.108995e-18
6163.480000 4.852845e-17 3.174354e-18
6166.480000 5.132588e-17 3.256088e-18
6169.480000 5.199121e-17 3.344306e-18
6172.480000 5.107644e-17 3.385287e-18
6175.480000 4.693071e-17 3.361727e-18
6178.480000 4.699948e-17 3.380111e-18
6181.480000 4.801139e-17 3.427284e-18
6184.480000 4.454419e-17 3.434212e-18
6187.480000 4.763997e-17 3.517370e-18
6190.480000 5.427418e-17 3.663348e-18
6193.480000 5.219825e-17 3.721947e-18
6196.480000 5.060861e-17 3.778700e-18
6199.480000 4.470983e-17 3.808291e-18
6202.480000 5.180772e-17 3.993589e-18
6205.480000 5.065437e-17 4.080333e-18
6208.480000 4.947432e-17 4.133312e-18
6211.480000 4.478767e-17 4.140993e-18
6214.480000 4.385499e-17 4.254663e-18
6217.480000 4.749159e-17 4.318442e-18
6220.480000 4.479977e-17 4.244989e-18
6223.480000 5.270412e-17 4.238666e-18
6226.480000 4.735998e-17 4.043660e-18
6229.480000 4.987918e-17 4.015174e-18
6232.480000 5.146114e-17 4.121120e-18
6235.480000 5.746051e-17 4.343843e-18
6238.480000 5.650349e-17 4.331736e-18
6241.480000 5.624510e-17 4.108419e-18
6244.480000 4.828964e-17 3.816830e-18
6247.480000 4.223084e-17 3.630022e-18
6250.480000 5.273753e-17 3.491965e-18
6253.480000 5.559145e-17 3.499922e-18
6256.480000 4.622973e-17 3.489312e-18
6259.480000 4.380205e-17 3.512804e-18
6262.480000 4.809965e-17 3.470501e-18
6265.480000 4.758431e-17 3.321887e-18
6268.480000 4.739047e-17 3.190949e-18
6271.480000 4.245459e-17 3.074340e-18
6274.480000 3.628503e-17 2.988386e-18
6277.480000 3.283545e-17 2.940501e-18
6280.480000 3.243577e-17 2.938596e-18
6283.480000 3.467358e-17 3.029715e-18
6286.480000 4.035299e-17 3.203222e-18
6289.480000 4.155958e-17 3.308512e-18
6292.480000 3.541983e-17 3.384728e-18
6295.480000 4.173312e-17 3.867485e-18
6298.480000 5.474757e-17 4.539482e-18
6301.480000 5.178476e-17 4.766863e-18
6304.480000 4.569914e-17 4.453697e-18
6307.480000 3.680929e-17 3.935130e-18
6310.480000 3.656273e-17 3.581866e-18
6313.480000 4.093309e-17 3.419735e-18
6316.480000 4.681951e-17 3.490997e-18
6319.480000 4.393185e-17 3.615143e-18
6322.480000 4.715195e-17 3.916807e-18
6325.480000 3.647489e-17 3.883363e-18
6328.480000 4.530164e-17 4.026486e-18
6331.480000 5.214462e-17 4.168042e-18
6334.480000 4.622661e-17 4.050455e-18
6337.480000 4.093523e-17 3.914695e-18
6340.480000 4.346703e-17 3.995160e-18
6343.480000 4.031910e-17 4.054379e-18
6346.480000 3.689858e-17 3.974866e-18
6349.480000 3.965574e-17 3.931497e-18
6352.480000 4.545380e-17 3.949109e-18
6355.480000 3.527563e-17 3.843750e-18
6358.480000 3.830065e-17 3.903117e-18
6361.480000 5.160495e-17 4.102747e-18
6364.480000 5.072834e-17 4.146207e-18
6367.480000 4.417405e-17 3.879269e-18
6370.480000 4.463282e-17 3.491465e-18
6373.480000 4.531345e-17 3.263127e-18
6376.480000 4.447179e-17 3.173952e-18
6379.480000 4.234763e-17 3.128273e-18
6382.480000 4.229616e-17 3.108272e-18
6385.480000 4.362380e-17 3.087414e-18
6388.480000 4.716039e-17 3.074857e-18
6391.480000 4.862347e-17 3.000680e-18
6394.480000 4.905110e-17 2.922596e-18
6397.480000 4.679046e-17 2.854083e-18
6400.480000 4.794632e-17 2.830073e-18
6403.480000 4.744692e-17 2.809452e-18
6406.480000 4.592219e-17 2.802980e-18
6409.480000 4.159140e-17 2.782924e-18
6412.480000 3.997676e-17 2.796328e-18
6415.480000 4.124948e-17 2.834252e-18
6418.480000 4.323099e-17 2.874589e-18
6421.480000 4.718148e-17 2.948792e-18
6424.480000 4.680205e-17 2.962720e-18
6427.480000 4.513721e-17 2.976929e-18
6430.480000 4.598030e-17 3.024980e-18
6433.480000 4.858132e-17 3.089510e-18
6436.480000 4.910831e-17 3.118085e-18
6439.480000 4.803911e-17 3.165916e-18
6442.480000 4.089315e-17 3.168426e-18
6445.480000 4.279651e-17 3.275000e-18
6448.480000 4.850845e-17 3.428510e-18
6451.480000 4.534849e-17 3.481987e-18
6454.480000 4.762083e-17 3.643553e-18
6457.480000 5.433227e-17 3.839270e-18
6460.480000 4.885330e-17 4.116060e-18
6463.480000 5.095663e-17 4.411442e-18
6466.480000 4.959482e-17 4.420570e-18
6469.480000 5.119598e-17 4.383626e-18
6472.480000 3.985376e-17 4.066378e-18
6475.480000 4.058230e-17 3.825475e-18
6478.480000 4.873323e-17 3.738529e-18
6481.480000 4.186361e-17 3.490670e-18
6484.480000 4.533253e-17 3.423774e-18
6487.480000 4.217718e-17 3.336357e-18
6490.480000 4.193382e-17 3.283712e-18
6493.480000 4.525447e-17 3.300672e-18
6496.480000 5.598086e-17 3.503146e-18
6499.480000 4.932352e-17 3.534335e-18
6502.480000 4.313184e-17 3.389786e-18
6505.480000 4.137522e-17 3.192654e-18
6508.480000 4.491756e-17 3.045636e-18
6511.480000 4.701792e-17 2.946216e-18
6514.480000 4.656098e-17 2.892362e-18
6517.480000 4.499838e-17 2.831432e-18
6520.480000 4.647595e-17 2.846698e-18
6523.480000 4.567655e-17 2.864570e-18
6526.480000 4.512701e-17 2.851853e-18
6529.480000 4.563875e-17 2.898299e-18
6532.480000 4.694487e-17 2.998990e-18
6535.480000 4.202120e-17 2.993368e-18
6538.480000 3.647116e-17 2.913398e-18
6541.480000 3.815391e-17 2.898971e-18
6544.480000 4.017024e-17 2.944208e-18
6547.480000 4.132505e-17 3.012281e-18
6550.480000 4.084372e-17 3.116595e-18
6553.480000 4.506982e-17 3.241067e-18
6556.480000 4.203106e-17 3.193439e-18
6559.480000 4.248349e-17 3.147256e-18
6562.480000 4.541081e-17 3.193725e-18
6565.480000 4.285092e-17 3.207211e-18
6568.480000 4.160967e-17 3.270891e-18
6571.480000 3.937017e-17 3.335320e-18
6574.480000 4.460496e-17 3.505438e-18
6577.480000 4.312526e-17 3.642136e-18
6580.480000 3.989669e-17 3.629356e-18
6583.480000 4.116164e-17 3.557182e-18
6586.480000 4.365366e-17 3.603399e-18
6589.480000 4.451382e-17 3.639310e-18
6592.480000 3.939032e-17 3.636728e-18
6595.480000 4.244888e-17 3.696221e-18
6598.480000 3.971034e-17 3.630993e-18
6601.480000 3.785828e-17 3.546349e-18
6604.480000 3.753950e-17 3.507485e-18
6607.480000 3.308728e-17 3.345432e-18
6610.480000 3.000131e-17 3.149851e-18
6613.480000 3.251126e-17 3.076487e-18
6616.480000 3.161422e-17 2.994323e-18
6619.480000 3.113721e-17 2.910707e-18
6622.480000 3.349995e-17 2.845507e-18
6625.480000 3.488906e-17 2.834294e-18
6628.480000 2.844030e-17 2.728157e-18
6631.480000 2.886217e-17 2.706747e-18
6634.480000 2.643573e-17 2.669712e-18
6637.480000 2.832324e-17 2.772777e-18
6640.480000 2.683277e-17 2.941940e-18
6643.480000 2.310143e-17 2.475042e-18
6646.480000 2.397724e-17 2.460264e-18
6649.480000 2.467297e-17 2.420417e-18
6652.480000 2.368211e-17 2.388239e-18
6655.480000 2.385510e-17 2.377985e-18
6658.480000 2.587876e-17 2.393753e-18
6661.480000 2.468359e-17 2.404582e-18
6664.480000 2.188798e-17 2.401918e-18
6667.480000 1.717829e-17 2.391237e-18
6670.480000 1.421620e-17 2.388238e-18
6673.480000 1.365895e-17 2.376131e-18
6676.480000 1.593571e-17 2.431225e-18
6679.480000 1.735265e-17 2.443214e-18
6682.480000 1.674227e-17 2.479274e-18
6685.480000 1.923341e-17 2.544489e-18
6688.480000 2.054936e-17 2.586444e-18
6691.480000 1.960101e-17 2.624987e-18
6694.480000 1.779607e-17 2.653069e-18
6697.480000 1.870365e-17 2.749655e-18
6700.480000 1.840005e-17 2.824708e-18
6703.480000 2.037549e-17 2.897750e-18
6706.480000 2.218265e-17 2.975347e-18
6709.480000 2.262425e-17 3.053754e-18
6712.480000 2.357577e-17 3.109535e-18
6715.480000 1.803875e-17 3.122669e-18
6718.480000 2.131381e-17 3.204166e-18
6721.480000 2.089903e-17 3.169664e-18
6724.480000 2.496416e-17 3.120452e-18
6727.480000 2.290425e-17 3.015707e-18
6730.480000 2.586291e-17 2.989803e-18
6733.480000 2.501443e-17 2.929331e-18
6736.480000 2.553457e-17 2.858110e-18
6739.480000 2.459949e-17 2.791716e-18
6742.480000 2.292420e-17 2.731686e-18
6745.480000 2.582849e-17 2.704590e-18
6748.480000 2.656145e-17 2.699565e-18
6751.480000 2.592188e-17 2.629851e-18
6754.480000 2.810483e-17 2.601027e-18
6757.480000 2.697978e-17 2.527577e-18
6760.480000 3.009017e-17 2.481182e-18
6763.480000 3.198084e-17 2.460640e-18
6766.480000 2.741099e-17 2.381841e-18
6769.480000 2.958148e-17 2.375543e-18
6772.480000 3.170376e-17 2.380999e-18
6775.480000 3.144749e-17 2.361387e-18
6778.480000 3.211470e-17 2.345440e-18
6781.480000 3.330559e-17 2.353531e-18
6784.480000 3.483843e-17 2.389020e-18
6787.480000 3.617419e-17 2.413142e-18
6790.480000 3.587063e-17 2.415783e-18
6793.480000 3.418718e-17 2.413042e-18
6796.480000 3.047488e-17 2.400988e-18
6799.480000 2.893074e-17 2.408555e-18
6802.480000 3.137168e-17 2.451599e-18
6805.480000 3.486123e-17 2.525372e-18
6808.480000 3.558546e-17 2.575224e-18
6811.480000 3.600411e-17 2.610844e-18
6814.480000 3.385383e-17 2.658956e-18
6817.480000 3.325550e-17 2.729246e-18
6820.480000 3.186502e-17 2.840697e-18
6823.480000 3.039072e-17 3.099643e-18
6826.480000 3.661563e-17 3.605013e-18
6829.480000 4.079390e-17 4.025790e-18
6832.480000 3.859194e-17 4.221137e-18
6835.480000 3.895320e-17 4.177323e-18
6838.480000 3.395358e-17 3.888856e-18
6841.480000 4.061415e-17 3.764379e-18
6844.480000 4.009429e-17 3.622451e-18
6847.480000 3.273052e-17 3.374408e-18
6850.480000 3.481763e-17 3.254122e-18
6853.480000 3.687768e-17 3.214787e-18
6856.480000 3.383965e-17 3.208141e-18
6859.480000 3.506651e-17 3.460149e-18
6862.480000 4.711036e-17 3.995525e-18
6865.480000 4.304938e-17 4.358584e-18
6868.480000 3.430721e-17 4.153527e-18
6871.480000 3.963083e-17 3.808020e-18
6874.480000 4.280348e-17 3.462152e-18
6877.480000 3.933351e-17 3.152232e-18
6880.480000 3.574827e-17 3.005115e-18
6883.480000 3.879357e-17 2.957557e-18
6886.480000 3.997817e-17 2.962713e-18
6889.480000 4.135167e-17 2.985496e-18
6892.480000 3.753786e-17 2.931744e-18
6895.480000 3.372738e-17 2.820607e-18
6898.480000 3.420001e-17 2.798659e-18
6901.480000 3.892731e-17 2.830907e-18
6904.480000 3.978375e-17 2.788070e-18
6907.480000 3.992120e-17 2.727093e-18
6910.480000 4.295340e-17 2.783992e-18
6913.480000 3.826574e-17 2.805982e-18
6916.480000 3.347987e-17 2.770855e-18
6919.480000 3.643795e-17 2.862561e-18
6922.480000 3.811832e-17 3.018213e-18
6925.480000 3.772243e-17 3.019398e-18
6928.480000 3.937701e-17 2.867412e-18
6931.480000 3.988327e-17 2.734461e-18
6934.480000 3.844485e-17 2.771940e-18
6937.480000 4.062660e-17 2.925968e-18
6940.480000 3.514172e-17 3.041176e-18
6943.480000 3.392583e-17 3.163949e-18
6946.480000 3.602848e-17 3.401956e-18
6949.480000 3.530143e-17 3.602379e-18
6952.480000 3.669080e-17 3.594603e-18
6955.480000 3.742493e-17 3.325454e-18
6958.480000 4.152602e-17 3.438220e-18
6961.480000 3.665879e-17 3.655472e-18
6964.480000 3.412973e-17 3.454806e-18
6967.480000 3.503660e-17 3.494854e-18
6970.480000 4.245361e-17 3.620446e-18
6973.480000 3.354516e-17 3.547660e-18
6976.480000 3.572708e-17 3.596011e-18
6979.480000 4.080741e-17 3.620763e-18
6982.480000 3.757399e-17 3.403828e-18
6985.480000 3.703416e-17 3.138277e-18
6988.480000 3.845629e-17 2.935987e-18
6991.480000 3.664719e-17 2.821342e-18
6994.480000 3.625119e-17 2.756893e-18
6997.480000 3.507111e-17 2.700991e-18
7000.480000 3.286856e-17 2.660337e-18
7003.480000 3.706950e-17 2.682435e-18
7006.480000 3.648521e-17 2.671928e-18
7009.480000 3.457942e-17 2.649025e-18
7012.480000 3.920510e-17 2.655290e-18
7015.480000 3.689471e-17 2.541981e-18
7018.480000 3.331928e-17 2.385552e-18
7021.480000 3.305802e-17 2.308897e-18
7024.480000 3.285796e-17 2.270914e-18
7027.480000 3.231917e-17 2.254375e-18
7030.480000 3.160007e-17 2.243630e-18
7033.480000 3.273049e-17 2.246901e-18
7036.480000 3.537134e-17 2.278477e-18
7039.480000 3.656617e-17 2.345178e-18
7042.480000 3.221763e-17 2.394604e-18
7045.480000 3.020142e-17 2.472558e-18
7048.480000 3.120133e-17 2.549208e-18
7051.480000 2.990156e-17 2.553143e-18
7054.480000 2.958480e-17 2.535350e-18
7057.480000 2.765758e-17 2.479036e-18
7060.480000 2.897579e-17 2.518012e-18
7063.480000 3.187430e-17 2.605924e-18
7066.480000 3.389216e-17 2.655517e-18
7069.480000 3.419594e-17 2.708001e-18
7072.480000 3.488772e-17 2.743476e-18
7075.480000 3.179053e-17 2.766034e-18
7078.480000 2.933482e-17 2.821880e-18
7081.480000 2.981012e-17 2.917960e-18
7084.480000 3.289127e-17 3.010288e-18
7087.480000 3.555678e-17 3.121633e-18
7090.480000 3.436464e-17 3.172799e-18
7093.480000 2.832476e-17 3.115353e-18
7096.480000 2.531620e-17 3.049869e-18
7099.480000 2.626953e-17 2.968458e-18
7102.480000 2.739466e-17 2.893138e-18
7105.480000 3.248263e-17 2.877176e-18
7108.480000 3.131111e-17 2.799181e-18
7111.480000 2.634728e-17 2.705240e-18
7114.480000 2.876880e-17 2.643921e-18
7117.480000 3.153400e-17 2.614440e-18
7120.480000 2.989486e-17 2.554959e-18
7123.480000 3.047475e-17 2.522036e-18
7126.480000 3.257699e-17 2.511175e-18
7129.480000 3.146616e-17 2.498231e-18
7132.480000 2.928233e-17 2.453591e-18
7135.480000 2.659729e-17 2.372624e-18
7138.480000 2.824036e-17 2.351915e-18
7141.480000 3.545870e-17 2.439837e-18
7144.480000 4.516604e-17 2.594265e-18
7147.480000 4.830966e-17 2.631736e-18
7150.480000 3.861452e-17 2.484716e-18
7153.480000 2.989824e-17 2.301938e-18
7156.480000 2.677677e-17 2.212853e-18
7159.480000 2.930395e-17 2.228679e-18
7162.480000 3.162818e-17 2.273954e-18
7165.480000 3.322033e-17 2.318544e-18
7168.480000 3.457536e-17 2.357884e-18
7171.480000 3.105865e-17 2.355347e-18
7174.480000 2.641618e-17 2.322493e-18
7177.480000 2.523724e-17 2.305540e-18
7180.480000 2.341729e-17 2.300946e-18
7183.480000 2.340547e-17 2.311275e-18
7186.480000 2.192340e-17 2.299024e-18
7189.480000 2.194452e-17 2.317247e-18
7192.480000 2.413669e-17 2.381239e-18
7195.480000 2.536844e-17 2.432308e-18
7198.480000 2.561500e-17 2.484071e-18
7201.480000 2.772257e-17 2.550570e-18
7204.480000 2.644719e-17 2.590346e-18
7207.480000 2.533730e-17 2.651578e-18
7210.480000 2.225319e-17 2.712646e-18
7213.480000 2.551008e-17 2.808543e-18
7216.480000 2.452366e-17 2.877744e-18
7219.480000 2.087834e-17 2.940146e-18
7222.480000 2.092540e-17 2.982234e-18
7225.480000 2.407019e-17 2.945812e-18
7228.480000 2.508803e-17 2.913848e-18
7231.480000 2.637956e-17 2.976318e-18
7234.480000 2.277797e-17 3.243009e-18
7237.480000 2.380652e-17 3.875533e-18
7240.480000 2.727009e-17 4.529108e-18
7243.480000 2.467545e-17 4.761180e-18
7246.480000 2.034804e-17 4.465047e-18
7249.480000 2.706475e-17 3.865259e-18
7252.480000 2.915717e-17 3.295705e-18
7255.480000 2.508768e-17 2.920414e-18
7258.480000 2.245548e-17 2.640781e-18
7261.480000 2.269373e-17 2.454164e-18
7264.480000 2.258972e-17 2.384191e-18
7267.480000 2.015918e-17 2.443050e-18
7270.480000 1.889108e-17 2.745090e-18
7273.480000 2.600047e-17 3.342398e-18
7276.480000 2.912164e-17 3.849856e-18
7279.480000 2.383535e-17 3.838401e-18
7282.480000 2.579485e-17 3.452758e-18
7285.480000 2.588946e-17 3.117786e-18
7288.480000 2.363125e-17 2.816832e-18
7291.480000 2.248137e-17 2.546253e-18
7294.480000 2.095603e-17 2.464206e-18
7297.480000 2.105963e-17 2.518437e-18
7300.480000 2.255812e-17 2.628768e-18
7303.480000 2.386868e-17 2.760918e-18
7306.480000 2.404637e-17 2.793320e-18
7309.480000 2.160444e-17 2.839493e-18
7312.480000 2.415924e-17 3.265053e-18
7315.480000 3.085663e-17 3.811881e-18
7318.480000 2.916659e-17 3.838972e-18
7321.480000 2.431413e-17 3.371517e-18
7324.480000 2.659003e-17 3.110657e-18
7327.480000 2.616175e-17 3.322468e-18
7330.480000 2.242966e-17 3.514452e-18
7333.480000 1.665855e-17 3.482725e-18
7336.480000 2.450444e-17 3.820615e-18
7339.480000 3.939426e-17 4.639438e-18
7342.480000 3.905870e-17 5.006005e-18
7345.480000 2.687371e-17 4.490453e-18
7348.480000 2.382321e-17 3.648128e-18
7351.480000 2.266641e-17 3.215897e-18
7354.480000 2.212080e-17 3.217104e-18
7357.480000 1.948915e-17 3.419513e-18
7360.480000 1.815084e-17 3.498497e-18
7363.480000 2.076886e-17 3.425864e-18
7366.480000 2.892729e-17 3.620917e-18
7369.480000 3.278479e-17 3.970551e-18
7372.480000 2.681366e-17 3.840632e-18
7375.480000 2.640948e-17 3.219113e-18
7378.480000 2.505615e-17 2.637379e-18
7381.480000 2.246383e-17 2.374935e-18
7384.480000 2.029692e-17 2.296153e-18
7387.480000 1.951472e-17 2.349501e-18
7390.480000 1.891169e-17 2.512913e-18
7393.480000 1.779298e-17 2.639527e-18
7396.480000 1.691601e-17 2.658324e-18
7399.480000 1.855414e-17 2.765545e-18
7402.480000 1.791709e-17 2.899612e-18
7405.480000 1.901460e-17 2.778788e-18
7408.480000 2.524468e-17 2.465015e-18
7411.480000 2.601073e-17 2.220087e-18
7414.480000 2.257669e-17 2.119718e-18
7417.480000 1.900888e-17 2.091398e-18
7420.480000 1.779195e-17 2.091330e-18
7423.480000 1.681010e-17 2.125625e-18
7426.480000 1.607486e-17 2.248488e-18
7429.480000 1.830511e-17 2.427713e-18
7432.480000 1.912482e-17 2.541764e-18
7435.480000 1.885319e-17 2.641300e-18
7438.480000 1.847973e-17 2.784635e-18
7441.480000 2.252269e-17 2.778275e-18
7444.480000 2.411865e-17 2.562537e-18
7447.480000 1.802536e-17 2.366365e-18
7450.480000 1.625692e-17 2.362477e-18
7453.480000 1.658061e-17 2.419519e-18
7456.480000 1.859578e-17 2.522089e-18
7459.480000 2.049881e-17 2.703087e-18
7462.480000 2.068868e-17 2.883752e-18
7465.480000 2.056650e-17 3.088515e-18
7468.480000 2.357518e-17 3.347872e-18
7471.480000 2.613880e-17 3.749303e-18
7474.480000 2.418013e-17 4.060286e-18
7477.480000 2.144120e-17 3.827609e-18
7480.480000 2.233070e-17 3.582502e-18
7483.480000 2.208469e-17 3.455481e-18
7486.480000 2.269545e-17 3.189443e-18
7489.480000 2.011601e-17 2.827356e-18
7492.480000 1.952567e-17 2.612437e-18
7495.480000 1.898548e-17 2.529349e-18
7498.480000 2.269394e-17 2.435824e-18
7501.480000 2.122469e-17 2.319960e-18
7504.480000 2.133087e-17 2.247250e-18
7507.480000 1.963131e-17 2.185822e-18
7510.480000 1.978476e-17 2.153730e-18
7513.480000 1.777251e-17 2.165745e-18
7516.480000 1.571812e-17 2.272621e-18
7519.480000 1.645810e-17 2.543651e-18
7522.480000 2.104155e-17 2.929079e-18
7525.480000 2.252244e-17 3.119813e-18
7528.480000 2.123903e-17 2.959040e-18
7531.480000 2.133198e-17 2.654676e-18
7534.480000 2.282413e-17 2.400550e-18
7537.480000 2.104527e-17 2.223458e-18
7540.480000 2.233716e-17 2.170033e-18
7543.480000 2.374434e-17 2.139179e-18
7546.480000 2.153622e-17 2.092417e-18
7549.480000 1.921995e-17 2.095032e-18
7552.480000 1.756343e-17 2.162640e-18
7555.480000 1.827968e-17 2.299735e-18
7558.480000 1.771133e-17 2.385964e-18
7561.480000 1.440770e-17 2.352850e-18
7564.480000 1.268424e-17 2.399464e-18
7567.480000 1.283377e-17 2.672066e-18
7570.480000 1.633320e-17 3.088268e-18
7573.480000 2.060909e-17 3.239080e-18
7576.480000 1.940973e-17 2.976277e-18
7579.480000 1.843636e-17 2.706380e-18
7582.480000 1.685247e-17 2.731265e-18
7585.480000 1.792032e-17 2.951391e-18
7588.480000 1.906089e-17 3.212971e-18
7591.480000 1.696042e-17 3.350379e-18
7594.480000 1.369875e-17 4.003800e-18
7597.480000 1.659034e-17 5.207069e-18
7600.480000 1.557779e-17 6.612352e-18
7603.480000 1.851801e-17 6.662331e-18
7606.480000 2.320454e-17 6.356585e-18
7609.480000 1.244497e-17 5.261114e-18
7612.480000 1.492200e-17 4.483574e-18
7615.480000 1.634114e-17 3.921094e-18
7618.480000 1.568292e-17 3.839494e-18
7621.480000 1.235760e-17 3.692468e-18
7624.480000 1.677438e-17 3.936096e-18
7627.480000 1.560152e-17 4.138010e-18
7630.480000 1.866928e-17 4.205634e-18
7633.480000 1.779331e-17 3.886955e-18
7636.480000 1.503629e-17 3.383990e-18
7639.480000 1.325913e-17 3.053221e-18
7642.480000 1.466358e-17 2.899684e-18
7645.480000 1.348881e-17 2.734275e-18
7648.480000 1.628517e-17 2.641493e-18
7651.480000 1.741908e-17 2.611180e-18
7654.480000 1.754643e-17 2.586160e-18
7657.480000 1.526232e-17 2.517694e-18
7660.480000 1.446397e-17 2.498555e-18
7663.480000 1.488680e-17 2.478461e-18
7666.480000 1.381639e-17 2.336472e-18
7669.480000 1.273184e-17 2.168525e-18
7672.480000 1.300400e-17 2.098017e-18
7675.480000 1.548736e-17 2.119539e-18
7678.480000 1.536970e-17 2.141093e-18
7681.480000 1.471192e-17 2.196112e-18
7684.480000 1.816400e-17 2.303081e-18
7687.480000 1.670048e-17 2.359274e-18
7690.480000 1.512417e-17 2.403376e-18
7693.480000 1.153972e-17 2.414020e-18
7696.480000 1.387117e-17 2.494271e-18
7699.480000 1.625372e-17 2.598249e-18
7702.480000 1.548218e-17 2.670514e-18
7705.480000 4.871311e-18 2.816798e-18
7708.480000 4.580484e-20 3.540717e-18
7711.480000 4.447065e-18 4.754644e-18
7714.480000 2.219531e-17 5.765730e-18
7717.480000 3.151826e-17 6.029730e-18
7720.480000 2.719994e-17 5.380230e-18
7723.480000 2.033107e-17 4.534572e-18
7726.480000 3.179814e-17 4.072762e-18
7729.480000 2.576316e-17 3.585466e-18
7732.480000 2.008630e-17 3.129905e-18
7735.480000 1.678044e-17 2.925421e-18
7738.480000 1.053986e-17 2.795797e-18
7741.480000 4.625164e-18 2.727498e-18
7744.480000 1.480206e-18 2.974123e-18
7747.480000 4.355351e-18 3.719134e-18
7750.480000 2.492470e-17 4.642526e-18
7753.480000 2.550218e-17 4.707429e-18
7756.480000 1.768294e-17 3.976114e-18
7759.480000 2.033479e-17 3.445031e-18
7762.480000 2.196725e-17 3.236079e-18
7765.480000 1.884057e-17 2.803252e-18
7768.480000 1.810405e-17 2.512991e-18
7771.480000 1.912428e-17 2.580472e-18
7774.480000 1.801690e-17 2.727897e-18
7777.480000 1.598089e-17 2.779465e-18
7780.480000 1.374472e-17 2.778740e-18
7783.480000 9.910822e-18 2.689801e-18
7786.480000 9.530491e-18 2.618879e-18
7789.480000 1.220308e-17 2.923089e-18
7792.480000 2.257719e-17 3.533569e-18
7795.480000 3.199674e-17 3.794128e-18
7798.480000 2.520806e-17 3.337148e-18
7801.480000 1.705619e-17 2.731870e-18
7804.480000 1.360993e-17 2.673455e-18
7807.480000 1.664598e-17 3.028532e-18
7810.480000 1.851106e-17 3.160082e-18
7813.480000 1.387810e-17 3.054914e-18
7816.480000 1.102344e-17 3.352345e-18
7819.480000 2.156957e-17 4.236501e-18
7822.480000 3.063372e-17 4.720789e-18
7825.480000 3.008220e-17 4.226565e-18
7828.480000 2.565387e-17 3.322383e-18
7831.480000 2.178894e-17 2.892635e-18
7834.480000 1.665443e-17 2.860097e-18
7837.480000 1.246905e-17 3.165829e-18
7840.480000 1.653992e-17 3.729694e-18
7843.480000 1.356438e-17 3.987588e-18
7846.480000 1.009586e-17 4.024922e-18
7849.480000 3.628205e-18 4.592988e-18
7852.480000 1.571582e-17 5.635023e-18
7855.480000 2.033538e-17 5.874900e-18
7858.480000 2.034628e-17 5.222432e-18
7861.480000 2.178812e-17 4.532880e-18
7864.480000 1.806619e-17 4.035580e-18
7867.480000 1.792881e-17 3.851310e-18
7870.480000 2.315307e-17 4.049660e-18
7873.480000 1.770300e-17 3.893913e-18
7876.480000 1.223073e-17 3.507926e-18
7879.480000 1.279024e-17 3.526614e-18
7882.480000 1.711325e-17 3.600563e-18
7885.480000 1.096747e-17 3.393383e-18
7888.480000 2.156687e-17 3.543627e-18
7891.480000 2.954386e-17 3.669240e-18
7894.480000 2.343721e-17 3.295608e-18
7897.480000 1.704927e-17 2.694493e-18
7900.480000 1.527137e-17 2.360390e-18
7903.480000 1.279552e-17 2.325747e-18
7906.480000 2.896397e-18 2.534883e-18
7909.480000 1.079471e-18 3.237068e-18
7912.480000 1.512641e-17 4.153044e-18
7915.480000 2.725552e-17 4.539438e-18
7918.480000 2.437644e-17 4.251908e-18
7921.480000 1.787382e-17 3.817587e-18
7924.480000 1.306222e-17 3.400924e-18
7927.480000 8.628859e-18 3.101947e-18
7930.480000 1.354584e-17 3.203163e-18
7933.480000 1.683085e-17 3.188862e-18
7936.480000 1.228428e-17 2.788591e-18
7939.480000 1.243739e-17 2.497614e-18
7942.480000 1.253364e-17 2.530973e-18
7945.480000 1.371703e-17 2.846054e-18
7948.480000 1.019665e-17 3.141120e-18
7951.480000 1.202146e-17 3.194219e-18
7954.480000 8.481864e-18 2.923393e-18
7957.480000 3.250750e-18 2.953585e-18
7960.480000 4.530450e-18 3.626090e-18
7963.480000 2.443938e-17 4.813488e-18
7966.480000 2.052454e-17 5.271754e-18
7969.480000 7.395548e-18 4.569459e-18
7972.480000 6.235227e-18 3.758398e-18
7975.480000 8.642346e-18 3.767563e-18
7978.480000 1.823321e-17 4.188607e-18
7981.480000 1.174680e-17 4.165486e-18
7984.480000 -6.838511e-20 3.600463e-18
7987.480000 2.477050e-18 3.372086e-18
7990.480000 1.395054e-17 4.088752e-18
7993.480000 3.073794e-17 4.970582e-18
7996.480000 2.446300e-17 4.817014e-18
7999.480000 1.208580e-17 3.731798e-18
8002.480000 1.391251e-17 2.879374e-18
8005.480000 1.098374e-17 2.507837e-18
8008.480000 1.246164e-17 2.492574e-18
8011.480000 1.387658e-17 2.723738e-18
8014.480000 1.560809e-17 3.001720e-18
8017.480000 1.153981e-17 3.021650e-18
8020.480000 1.093125e-17 2.998205e-18
8023.480000 2.435790e-17 3.384655e-18
8026.480000 3.187232e-17 3.785298e-18
8029.480000 2.030739e-17 3.565126e-18
8032.480000 1.192286e-17 2.891817e-18
8035.480000 1.708071e-17 2.409593e-18
8038.480000 1.513689e-17 2.198586e-18
8041.480000 1.145251e-17 2.113685e-18
8044.480000 1.290370e-17 2.160923e-18
8047.480000 1.421672e-17 2.348258e-18
8050.480000 1.278756e-17 2.625937e-18
8053.480000 1.172044e-17 2.842869e-18
8056.480000 6.835236e-18 3.001870e-18
8059.480000 1.421163e-17 3.181774e-18
8062.480000 1.993060e-17 3.320766e-18
8065.480000 1.102236e-17 3.064325e-18
8068.480000 4.910451e-18 2.707232e-18
8071.480000 1.023338e-17 2.526441e-18
8074.480000 9.075883e-18 2.408114e-18
8077.480000 1.228260e-17 2.510898e-18
8080.480000 1.292726e-17 2.585527e-18
8083.480000 1.202340e-17 2.658806e-18
8086.480000 1.231241e-17 2.795334e-18
8089.480000 8.928390e-18 2.842397e-18
8092.480000 1.015723e-17 3.048567e-18
8095.480000 9.834891e-18 3.206430e-18
8098.480000 8.474308e-18 3.284680e-18
8101.480000 1.413218e-17 3.419458e-18
8104.480000 1.290410e-17 3.497720e-18
8107.480000 1.038584e-17 3.343752e-18
8110.480000 7.208097e-18 2.788846e-18
8113.480000 9.463173e-18 2.612072e-18
8116.480000 1.098646e-17 2.527836e-18
8119.480000 8.674245e-18 2.437255e-18
8122.480000 9.002852e-18 2.421087e-18
8125.480000 8.837185e-18 2.376039e-18
8128.480000 9.380881e-18 2.345669e-18
8131.480000 9.796814e-18 2.348214e-18
8134.480000 7.026649e-18 2.407552e-18
8137.480000 6.903965e-18 2.447480e-18
8140.480000 9.887906e-18 2.389836e-18
8143.480000 1.137171e-17 2.361875e-18
8146.480000 1.321835e-17 2.368377e-18
8149.480000 1.042776e-17 2.301662e-18
8152.480000 1.047609e-17 2.181656e-18
8155.480000 9.375658e-18 2.068939e-18
8158.480000 6.166156e-18 1.993060e-18
8161.480000 4.810286e-18 1.953760e-18
8164.480000 6.056203e-18 1.969495e-18
8167.480000 6.595819e-18 1.986884e-18
8170.480000 8.166055e-18 1.995095e-18
8173.480000 8.992288e-18 2.008975e-18
8176.480000 8.871431e-18 2.026731e-18
8179.480000 1.041164e-17 2.073757e-18
8182.480000 8.001261e-18 2.106531e-18
8185.480000 5.336821e-18 2.155481e-18
8188.480000 7.533564e-18 2.251822e-18
8191.480000 9.910095e-18 2.310725e-18
8194.480000 9.495708e-18 2.349457e-18
8197.480000 9.207401e-18 2.386195e-18
8200.480000 7.094913e-18 2.359896e-18
8203.480000 3.447778e-18 2.358249e-18
8206.480000 6.334186e-18 2.469236e-18
8209.480000 6.551758e-18 2.546261e-18
8212.480000 8.730198e-18 2.592009e-18
8215.480000 8.855213e-18 2.633334e-18
8218.480000 7.133176e-18 2.679744e-18
8221.480000 1.060404e-17 2.763341e-18
8224.480000 9.514855e-18 2.833777e-18
8227.480000 7.112853e-18 2.786145e-18
8230.480000 9.377829e-18 2.721653e-18
8233.480000 8.036523e-18 2.646590e-18
8236.480000 1.084389e-17 2.646190e-18
8239.480000 1.037859e-17 2.642064e-18
8242.480000 9.540339e-18 2.637494e-18
8245.480000 7.677072e-18 2.595211e-18
8248.480000 8.511717e-18 2.549726e-18
8251.480000 8.351128e-18 2.462987e-18
8254.480000 7.976055e-18 2.390781e-18
8257.480000 6.468904e-18 2.307840e-18
8260.480000 8.673721e-18 2.270331e-18
8263.480000 1.031678e-17 2.244869e-18
8266.480000 1.189454e-17 2.244379e-18
8269.480000 7.384374e-18 2.250054e-18
8272.480000 -3.638170e-19 2.352690e-18
8275.480000 -2.507399e-18 2.766566e-18
8278.480000 4.683195e-18 3.473626e-18
8281.480000 1.116265e-17 4.077580e-18
8284.480000 1.171038e-17 4.330277e-18
8287.480000 1.641119e-17 4.431718e-18
8290.480000 2.537229e-17 4.376013e-18
8293.480000 2.158919e-17 4.134367e-18
8296.480000 2.254140e-17 4.335695e-18
8299.480000 2.756319e-17 4.538506e-18
8302.480000 1.165859e-17 4.014373e-18
8305.480000 3.183683e-18 3.279428e-18
8308.480000 1.128071e-17 3.119518e-18
8311.480000 1.221263e-17 3.173339e-18
8314.480000 7.305884e-18 2.932336e-18
8317.480000 8.047633e-18 2.643979e-18
8320.480000 1.050987e-17 2.564072e-18
8323.480000 6.050008e-18 2.471459e-18
8326.480000 5.604029e-18 2.469534e-18
8329.480000 3.759689e-18 2.498889e-18
8332.480000 -2.854453e-18 2.620267e-18
8335.480000 -9.491067e-18 2.978251e-18
8338.480000 -2.563649e-17 3.955769e-18
8341.480000 5.296115e-18 6.116311e-18
8344.480000 4.820226e-17 8.036277e-18
8347.480000 2.266935e-17 7.919898e-18
8350.480000 5.818045e-18 6.604089e-18
8353.480000 2.578425e-17 5.956967e-18
8356.480000 1.249975e-17 5.036616e-18
8359.480000 4.608067e-18 3.980878e-18
8362.480000 1.208613e-17 3.781963e-18
8365.480000 1.532007e-17 3.909094e-18
8368.480000 9.895493e-18 3.514076e-18
8371.480000 3.601230e-18 2.955974e-18
8374.480000 3.940812e-18 2.757933e-18
8377.480000 4.978669e-18 2.951763e-18
8380.480000 1.874542e-17 3.593574e-18
8383.480000 1.777513e-17 3.928281e-18
8386.480000 -2.867944e-18 3.487222e-18
8389.480000 -1.021548e-17 2.898540e-18
8392.480000 -1.123310e-17 2.918693e-18
8395.480000 7.989004e-18 3.829174e-18
8398.480000 3.491960e-17 5.020322e-18
8401.480000 1.524942e-17 5.158154e-18
8404.480000 -5.943258e-18 4.117175e-18
8407.480000 7.267893e-19 2.990566e-18
8410.480000 1.204342e-17 2.874438e-18
8413.480000 2.442500e-17 3.437676e-18
8416.480000 1.546006e-17 3.692986e-18
8419.480000 -2.094549e-18 3.350495e-18
8422.480000 -5.919512e-18 3.116278e-18
8425.480000 2.066209e-17 3.972085e-18
8428.480000 6.332756e-17 5.352300e-18
8431.480000 5.081952e-17 5.767481e-18
8434.480000 1.181795e-17 4.849736e-18
8437.480000 1.106402e-17 3.476349e-18
8440.480000 1.354982e-17 2.736491e-18
8443.480000 9.520202e-18 2.634905e-18
8446.480000 1.065595e-17 2.950993e-18
8449.480000 1.827303e-17 3.688763e-18
8452.480000 1.876940e-17 4.232693e-18
8455.480000 7.176539e-18 4.059295e-18
8458.480000 -1.504613e-18 3.759749e-18
8461.480000 1.033405e-17 4.670363e-18
8464.480000 4.506876e-17 6.197019e-18
8467.480000 2.506551e-17 6.314763e-18
8470.480000 2.664073e-18 4.978964e-18
8473.480000 1.329065e-17 3.782892e-18
8476.480000 1.648352e-17 3.380592e-18
8479.480000 1.621470e-17 3.163014e-18
8482.480000 1.709317e-17 3.020250e-18
8485.480000 1.115150e-17 2.971436e-18
8488.480000 3.728751e-18 3.036714e-18
8491.480000 1.381783e-17 3.617273e-18
8494.480000 1.204938e-17 4.002455e-18
8497.480000 4.771452e-18 3.804622e-18
8500.480000 5.440158e-18 3.678491e-18
8503.480000 2.001002e-17 4.285666e-18
8506.480000 1.033286e-17 4.497899e-18
8509.480000 -1.070592e-18 3.819879e-18
8512.480000 7.176138e-18 2.952050e-18
8515.480000 1.386537e-17 2.531647e-18
8518.480000 1.244396e-17 2.373697e-18
8521.480000 1.236609e-17 2.318209e-18
8524.480000 1.569435e-17 2.329110e-18
8527.480000 1.410995e-17 2.274832e-18
8530.480000 9.870812e-18 2.215904e-18
8533.480000 8.466189e-18 2.310966e-18
8536.480000 9.050619e-18 2.555494e-18
8539.480000 1.085955e-17 2.741650e-18
8542.480000 9.231522e-18 2.733028e-18
8545.480000 1.116967e-17 2.880795e-18
8548.480000 1.594708e-17 3.200320e-18
8551.480000 1.187795e-17 3.145477e-18
8554.480000 5.258988e-18 2.756640e-18
8557.480000 8.690105e-18 2.733383e-18
8560.480000 1.162589e-17 2.506655e-18
8563.480000 1.361802e-17 2.452295e-18
8566.480000 1.644986e-17 2.470005e-18
8569.480000 1.502658e-17 2.529274e-18
8572.480000 1.057404e-17 2.617940e-18
8575.480000 1.254973e-17 2.668716e-18
8578.480000 1.187776e-17 2.675339e-18
8581.480000 8.938549e-18 2.685590e-18
8584.480000 7.871666e-18 2.834447e-18
8587.480000 1.102377e-17 3.135938e-18
8590.480000 6.686282e-18 3.224053e-18
8593.480000 1.161939e-17 3.346396e-18
8596.480000 1.606730e-17 3.612439e-18
8599.480000 1.720001e-17 3.699063e-18
8602.480000 1.185602e-17 3.504452e-18
8605.480000 1.057301e-17 3.341879e-18
8608.480000 1.128122e-17 3.414061e-18
8611.480000 1.157547e-17 3.702319e-18
8614.480000 9.382125e-18 4.114740e-18
8617.480000 1.015216e-17 4.641141e-18
8620.480000 1.358750e-17 5.194591e-18
8623.480000 1.805138e-17 5.655330e-18
8626.480000 1.534236e-17 5.920276e-18
8629.480000 1.546932e-17 5.993832e-18
8632.480000 1.616505e-17 5.802114e-18
8635.480000 2.437233e-17 5.416075e-18
8638.480000 2.133556e-17 4.844461e-18
8641.480000 1.052364e-17 4.209155e-18
8644.480000 7.771533e-18 3.815339e-18
8647.480000 7.300262e-18 3.966079e-18
8650.480000 6.858577e-18 4.475766e-18
8653.480000 1.044386e-17 4.905527e-18
8656.480000 1.277116e-17 5.104931e-18
8659.480000 1.400626e-17 5.147443e-18
8662.480000 2.031978e-17 5.123983e-18
8665.480000 2.305425e-17 5.043579e-18
8668.480000 2.065520e-17 4.851539e-18
8671.480000 2.042743e-17 4.599454e-18
8674.480000 1.569940e-17 4.303575e-18
8677.480000 1.975404e-17 4.074311e-18
8680.480000 2.361184e-17 3.841747e-18
8683.480000 1.964989e-17 3.598633e-18
8686.480000 1.868467e-17 3.415816e-18
8689.480000 1.504905e-17 3.243721e-18
8692.480000 1.077109e-17 3.108976e-18
8695.480000 6.709060e-18 3.041837e-18
8698.480000 1.263391e-17 3.108496e-18
8701.480000 1.920491e-17 3.176175e-18
8704.480000 2.053603e-17 3.215971e-18
8707.480000 1.802833e-17 3.218879e-18
8710.480000 1.183731e-17 3.145685e-18
8713.480000 1.086882e-17 3.039202e-18
8716.480000 1.350302e-17 3.026312e-18
8719.480000 1.000328e-17 3.030131e-18
8722.480000 1.161642e-17 3.109534e-18
8725.480000 9.913716e-18 3.234071e-18
8728.480000 8.687211e-18 3.264838e-18
8731.480000 9.917121e-18 3.202288e-18
8734.480000 5.829003e-18 3.099240e-18
8737.480000 4.269202e-18 3.043967e-18
8740.480000 6.100346e-18 3.074531e-18
8743.480000 7.985954e-18 3.032904e-18
8746.480000 9.800808e-18 2.961506e-18
8749.480000 3.429126e-18 2.927252e-18
8752.480000 -4.402306e-18 3.073018e-18
8755.480000 1.844317e-18 3.799920e-18
8758.480000 1.537593e-17 5.121915e-18
8761.480000 1.618734e-17 6.239015e-18
8764.480000 2.002849e-17 6.665795e-18
8767.480000 1.965742e-17 6.692421e-18
8770.480000 1.160746e-17 6.286912e-18
8773.480000 2.579829e-17 5.736467e-18
8776.480000 4.609296e-17 5.985855e-18
8779.480000 2.569408e-17 6.084210e-18
8782.480000 5.394204e-18 5.114069e-18
8785.480000 1.323552e-17 3.883495e-18
8788.480000 2.551185e-17 3.669128e-18
8791.480000 2.516236e-17 3.899509e-18
8794.480000 1.279262e-17 3.617079e-18
8797.480000 1.017770e-17 3.001736e-18
8800.480000 1.426742e-17 2.648697e-18
8803.480000 1.344674e-17 2.606367e-18
8806.480000 1.247888e-17 2.698530e-18
8809.480000 8.388647e-18 2.786490e-18
8812.480000 4.146977e-18 2.772945e-18
8815.480000 -5.163044e-18 2.785201e-18
8818.480000 -1.653268e-17 3.330803e-18
8821.480000 -3.415387e-18 5.138431e-18
8824.480000 4.366884e-17 7.861524e-18
8827.480000 2.047510e-17 9.409641e-18
8830.480000 -1.619454e-17 8.702028e-18
8833.480000 2.232938e-17 7.435942e-18
8836.480000 1.405476e-17 6.984157e-18
8839.480000 -3.193744e-18 6.199261e-18
8842.480000 1.178704e-17 4.925788e-18
8845.480000 1.620305e-17 4.411449e-18
8848.480000 1.512850e-17 4.854296e-18
8851.480000 6.929500e-18 5.024548e-18
8854.480000 -3.925975e-18 4.406787e-18
8857.480000 2.675468e-18 3.807186e-18
8860.480000 8.888807e-18 3.888773e-18
8863.480000 2.016362e-17 4.617591e-18
8866.480000 3.650144e-17 5.623960e-18
8869.480000 2.751627e-17 5.823488e-18
8872.480000 6.690595e-18 4.832860e-18
8875.480000 -4.809538e-19 3.782961e-18
8878.480000 -5.428345e-18 3.592509e-18
8881.480000 2.129298e-17 4.884867e-18
8884.480000 5.858395e-17 6.919171e-18
8887.480000 3.289551e-17 8.066050e-18
8890.480000 -3.342152e-18 7.011890e-18
8893.480000 6.684742e-18 5.036139e-18
8896.480000 1.373781e-17 3.729903e-18
8899.480000 2.040251e-17 4.045595e-18
8902.480000 2.507524e-17 4.892941e-18
8905.480000 1.612405e-17 5.052167e-18
8908.480000 2.150674e-18 4.317087e-18
8911.480000 9.160573e-20 3.752361e-18
8914.480000 1.697245e-17 4.617154e-18
8917.480000 4.148937e-17 6.397586e-18
8920.480000 2.737266e-17 7.343234e-18
8923.480000 1.127726e-17 6.528362e-18
8926.480000 1.479598e-17 4.744061e-18
8929.480000 1.286029e-17 3.485261e-18
8932.480000 8.708608e-18 3.099124e-18
8935.480000 8.776983e-18 3.189933e-18
8938.480000 1.803715e-17 3.824141e-18
8941.480000 2.709361e-17 4.819619e-18
8944.480000 1.826945e-17 5.243703e-18
8947.480000 -5.624220e-18 4.611756e-18
8950.480000 -1.466061e-17 4.098993e-18
8953.480000 1.333966e-17 5.312587e-18
8956.480000 2.913561e-17 7.348281e-18
8959.480000 7.399193e-18 8.037183e-18
8962.480000 -9.121247e-18 6.663776e-18
8965.480000 8.009622e-19 4.656362e-18
8968.480000 7.490399e-18 3.792641e-18
8971.480000 7.818938e-18 3.712790e-18
8974.480000 3.696314e-18 3.730558e-18
8977.480000 3.512543e-18 3.802318e-18
8980.480000 5.753032e-18 4.077226e-18
8983.480000 1.054260e-17 4.492753e-18
8986.480000 1.237897e-17 5.256599e-18
8989.480000 8.070533e-18 5.625924e-18
8992.480000 2.474946e-18 5.186202e-18
8995.480000 9.752818e-18 4.604820e-18
8998.480000 2.453004e-17 5.315663e-18
9001.480000 3.751011e-17 6.364657e-18
9004.480000 2.638020e-17 6.121576e-18
9007.480000 1.338640e-17 4.667349e-18
9010.480000 1.240544e-17 3.453485e-18
9013.480000 9.547371e-18 3.209361e-18
9016.480000 1.031922e-17 3.170474e-18
9019.480000 5.951935e-18 2.988840e-18
9022.480000 2.986540e-18 2.803795e-18
9025.480000 2.019243e-18 2.709321e-18
9028.480000 3.537149e-20 2.682444e-18
9031.480000 -1.161828e-18 2.790256e-18
9034.480000 5.217409e-18 3.157873e-18
9037.480000 4.840109e-18 3.560187e-18
9040.480000 -1.840358e-18 3.643531e-18
9043.480000 4.073296e-18 3.603532e-18
9046.480000 1.591462e-17 3.944677e-18
9049.480000 1.524971e-17 4.426670e-18
9052.480000 1.239760e-17 4.271477e-18
9055.480000 1.249917e-17 3.600647e-18
9058.480000 6.687814e-18 3.083021e-18
9061.480000 4.723051e-18 2.988394e-18
9064.480000 4.375742e-18 3.037845e-18
9067.480000 5.762786e-18 3.099956e-18
9070.480000 6.617800e-18 3.092812e-18
9073.480000 7.332577e-18 3.027483e-18
9076.480000 4.465028e-18 2.977588e-18
9079.480000 6.676061e-19 3.003295e-18
9082.480000 2.114497e-18 3.158682e-18
9085.480000 2.142717e-18 3.344611e-18
9088.480000 3.252969e-19 3.558524e-18
9091.480000 1.716944e-18 3.969064e-18
9094.480000 7.255944e-18 4.262468e-18
9097.480000 7.520473e-18 4.247274e-18
